30 40
-59976 -53363 -58871 92650 18045 35304 33300 4008 -59940 -76858 55257 -73896 -25006 -93080 93701 -85916 -51402 -70680 -82138 50642 -70794 74558 -67079 3230 42731 -35593 -32285 -38600 -78384 58513 -41227 75403 97424 -69024 68782 -45247 96992 13503 76608 66626
65985 78819 28367 15731 42891 -8524 -87868 -66831 -84720 43761 -90707 56593 79894 82317 -47947 11926 -19405 -57463 87165 43793 -83121 -69996 -67861 -36493 -48341 65712 81766 72627 -1770 53010 -34357 57052 -61872 48219 9311 -32517 -40865 -95934 -82249 44849
-40627 57551 -42748 -2215 72857 58775 29748 -7363 85548 -40474 58972 -72099 -1490 72762 32854 72846 -73031 -52568 -76967 -28962 58106 -74537 36035 75350 -97099 15950 44841 -14438 -20360 -66027 -72570 19207 55637 27162 -35169 31866 93936 -54887 -76156 -47430
-49358 -84194 13679 -51812 -33302 -94385 -94461 41047 -49589 -2542 -62027 54349 -63698 -20479 14997 38033 -5086 12015 7307 37728 54912 97522 -28045 45677 -86513 -45585 29880 -45026 62732 80538 -35884 19707 96605 64847 -31301 57135 58495 -39711 56447 -54922
-46812 56289 -99145 -63608 -92683 -38178 -11476 -72945 91841 45701 31402 49735 6496 -5594 38162 20993 13631 7747 -56512 80727 -12055 98942 49636 18577 -70972 62081 -38949 -37536 67210 -1114 -90695 -28159 -81509 64554 -14120 9463 -67705 -55380 -59845 -55488
-21103 -23344 -8120 -87029 66196 -24827 50116 -2691 54911 -88410 -59740 -54080 -22710 -12189 -592 -29916 -5323 -53806 44467 -80302 -40472 -97504 61963 -72754 92021 -94588 543 -98470 25817 10771 30587 -73951 -75732 55979 10896 74702 4952 93878 14244 -48951
73481 -93447 -97760 -77242 -34401 54766 40699 47220 -32067 -28569 37733 48796 -43878 74061 93432 21815 49267 49566 83473 -62909 -72068 89414 94920 -71566 87400 -47251 60227 17664 -18549 -12293 -58186 27801 -97994 58749 56034 75072 -95443 -53204 -65599 87103
-26863 28360 -55797 -93956 -278 -90882 -89297 -90043 -63581 40207 21634 -77878 -46514 25163 -38532 -72197 -52367 -6202 65777 -22282 -24924 9680 30098 -25166 65175 18068 -70161 3656 -73320 88512 67953 -74486 93045 30896 3382 98370 -63690 40416 22748 83010
-71452 -62655 -9859 99572 -16901 -91499 -26133 -44856 -11095 -18517 -45720 -75154 -19404 -15757 -85493 26356 -96943 -27713 50808 83240 73219 -72192 -1752 3543 -3640 31653 -74465 -58274 -71194 86943 -2533 65580 89126 -62268 -61964 63769 -38034 57456 -32697 69613
-33593 -21827 5732 31638 -91776 33535 -55884 -34221 40816 -52848 45124 62931 -58580 -70023 -43839 16632 -9256 -35074 -97486 -54958 -71668 -37775 -70566 88261 -45073 90408 -94563 -27123 34230 -71043 24437 -91242 -97647 23164 -85488 -35823 -26688 -53289 3398 1807
-28405 -12248 58214 11951 -40388 -61526 79298 51038 -44515 89844 71598 73569 -83149 -7208 -59399 9733 -48554 -93136 -17422 -37271 79775 -82810 -48554 -16094 -76969 -59469 -71051 52388 43151 50986 82595 24691 31037 -70223 67437 95212 89343 -3087 74919 -93435
-13984 -17899 63141 44992 55392 -44029 -29001 87356 -14417 80103 -49391 75605 -57354 37029 -37027 27458 3921 92460 -31919 -15847 83920 87230 58569 79222 -49303 -24071 81940 62377 -49287 -81223 59554 86153 -83222 38381 -47000 87686 -78195 21634 -81678 20120
-2068 -28634 29788 16062 -75230 61836 33094 47479 91038 1221 -88875 39393 -92749 -33714 -16332 -33749 -55488 16839 6250 79763 -42575 -18759 19279 -83552 77019 -40446 -62147 21597 -71353 64511 -87502 -42256 49537 80231 -61666 -12202 -96898 -28987 -29485 91213
89013 50141 25555 -79217 -72581 -62790 -19851 51945 -2668 -90002 59852 55153 -18191 88018 -70513 90390 93440 3711 -38630 -66748 15282 -37215 -69402 -28868 -88326 94526 24465 -75206 69937 -25575 -63691 -57250 29868 -29537 13095 -86842 2160 77012 -53840 -59716
65519 -50749 -65742 -63734 -4838 69421 37458 42199 50914 -43697 57520 -35837 -52036 -32319 -33000 -7624 17578 19405 -6036 17285 -5686 67838 -81764 -16903 -38706 -9932 -22810 50751 -67886 74089 56766 -3609 27088 72057 -95041 -1839 61113 14468 -81670 32686
91789 -50351 77194 -78572 80855 96001 41965 -5114 -25589 91605 -55202 51551 54613 -47136 -29219 -63583 -88504 -44733 46616 23854 -33806 29267 33722 -68175 38290 49248 44179 42385 -14496 -55547 -23047 57143 -71561 -58492 42979 42037 -75022 68688 -96629 94863
-1410 -66759 41027 81773 -12403 87597 -8693 -386 -55341 57171 -90456 89512 66574 -1164 -52822 -92586 70673 91032 -87806 76924 -40991 60876 -46364 -42229 84717 -24671 74875 -60744 -82821 67115 4543 82690 -97490 51060 90881 98526 45708 -78050 -20061 49434
81415 -37909 -61536 -36603 16229 -33116 -45561 30721 -80197 89472 38477 19818 -65743 43856 91263 -69754 20741 69827 -45329 94945 -14632 12127 -3564 -54878 -89104 -61668 49761 81538 -71408 50946 12461 95872 53079 -31957 -40788 606 -90101 -86246 18392 4937
63387 -87657 -34692 23367 60691 -75263 6913 -15019 -41826 -33450 -89488 53472 60691 41717 16310 41503 -47950 91374 87412 9506 -8522 32901 -75831 -85268 -33586 -71533 12895 81497 -40908 95112 84158 31745 70132 79840 -8130 -53095 -27244 32304 54763 -16161
-94395 -15130 27771 2963 -35886 29719 19943 -97631 25999 35537 26436 71777 -47116 -69191 -48018 -84619 29620 30774 -51847 -40368 65667 82386 58725 -4282 -64912 -50690 70096 -89518 -11540 -81867 -94945 28598 -46754 -20566 -96192 -74917 -37944 -15182 70239 -89456
46545 86722 -41889 61703 445 -14232 -32071 -13771 53408 -13127 -44686 68949 72410 59941 -26273 49008 -36440 96267 -38350 -82376 18725 95729 38297 -28048 95781 -83755 38938 -73218 198 7605 76125 -88736 45613 -27920 -34546 73729 -73599 -76153 -54490 -61664
-94701 -57416 -46532 28296 -60565 90472 -83233 -31628 -50076 -57187 -70142 55446 46230 -13928 17672 39503 -87635 -89955 97209 85096 -14314 53094 18972 53748 -61837 -71392 -30907 96121 6156 -38361 71433 58925 31858 -30224 -93583 13992 96732 62410 40907 -91398
-25852 81969 1102 31668 -21627 74987 -67304 -53641 80046 68364 -61048 -90767 -37568 -29440 -12496 82056 -61275 -27885 -75016 91544 -96586 74725 -51005 29277 -91512 50414 75545 -24182 -34524 -24333 -54940 -41889 87177 71026 -64579 -72176 37222 -57917 -81272 -93010
67471 24451 97436 -23870 -19691 72019 55119 -60163 38996 75330 -69779 -44674 -57537 -82275 8806 35374 64166 -6912 70314 -73329 48773 -77964 -29327 -73395 19799 -88830 45866 58485 1677 91340 -76727 32988 -5649 -88784 21821 81754 58083 88166 -51553 92323
45536 58239 73970 -1385 30026 37949 -10432 21780 -94786 56251 -37858 4992 -18549 -62110 -70472 76446 25553 -76291 -3046 -84099 -59119 -96910 -74995 -79273 57183 -74085 -91227 53423 94254 -12898 -4674 -87646 90495 -47251 26207 -36302 22513 15995 -53506 15639
-78867 3095 -6629 -75436 51398 71475 48901 57266 -72595 86997 6002 86906 98489 -20283 -898 -52539 -70787 -24805 -80075 14878 53717 31909 18928 8971 -92042 -74332 28743 -77395 -42475 27922 -83707 14270 -71031 36952 1529 -13125 -37812 -34371 -81554 31440
-28540 -70241 -42488 71853 60060 -99855 57365 -74737 74831 -42764 -14989 -92414 4298 97851 1872 94036 -59914 19546 59734 28820 -24421 91156 -68096 47093 49611 58758 -51896 -2392 -92950 32989 49182 -82384 -83516 -46128 44366 73817 63127 23052 54893 -15699
-78661 -60795 51726 81636 -33475 -48489 68697 -99997 -15952 37529 -18297 -5407 -27980 59177 37274 -27447 -89328 38300 -88409 73491 63405 -37002 55227 -61759 -45717 64804 65190 -25105 -6447 18603 -33095 26810 74399 -16018 -59225 -32982 83459 -58698 -21059 48799
17988 -91171 57406 -95268 46281 -32053 66081 45734 50624 -72838 58247 -40076 -44426 -66644 -90570 2407 68423 -2680 -76629 22720 27119 -36473 -4687 49778 24799 -43916 -68089 93173 -51750 -95392 -11778 59111 -67508 -14245 72477 -96979 95396 95328 -13325 -42793
68408 -28437 39993 -78509 66334 41966 11321 -55772 -19859 79483 -89911 45210 -33921 2224 83027 -13055 -7420 66988 40732 40953 -74498 8356 -55515 -74970 54940 -89953 -24905 69336 82441 57340 -25160 -32484 61265 -58921 -39222 -37357 40798 7290 -90186 -77571
40 50
43500 -67159 -68451 -37748 -17854 21047 -18289 -20050 -93199 -86806 99554 11480 20816 -80478 57516 70997 -93881 -56170 61699 -99001 -76508 81395 -5360 -39152 -27587 52414 58584 -48575 -53501 52094 -49673 -93156 39861 80271 -97668 -50019 -92024 -12568 69769 -72384 33226 -40267 73774 94884 57097 78522 -18374 75119 -819 -78057
-21681 51039 -53203 4073 -29631 -71137 -70326 3637 46490 -57668 -62350 -95956 87332 -32447 -40888 59127 91834 -11893 -18786 -60681 -52585 -83840 -51234 55643 -19841 -26108 14045 52999 -33367 -62754 -47582 84874 -30289 3539 21106 -4561 39760 -70299 29743 87504 82317 -82284 7345 11945 -83882 -64970 -27390 -184 12170 -10341
78346 -59281 -49435 -70431 -135 59140 -89348 89047 38339 -59201 38315 -59567 68350 93844 68235 88964 -75014 -60380 14253 99839 -50574 -10405 80041 93599 -52833 54721 54492 -68525 47079 44473 -23473 -32480 53606 -464 81590 -86168 -38985 -55441 82314 23185 -26617 -3831 24445 -19418 15611 42906 -29589 43156 38493 96088
-91555 -68861 43788 34398 85670 -81466 -9549 67898 -36886 -66564 -84678 72049 28067 -38296 -29621 -84349 -12736 67450 -82084 52399 61732 51559 64206 -97595 27881 50921 -13413 -70520 65023 -38172 -84735 17490 98046 -7245 55053 68957 78116 -43747 20223 -63100 -94615 64784 34854 -68792 -31134 67815 -88531 -96288 -2174 98447
46264 -2655 18011 -31359 -48978 40512 78073 -92320 70890 35987 -84532 44039 -75865 84156 21229 97692 28766 54208 62687 10888 37252 -32535 65950 -76154 20731 -44651 135 -55499 56735 87524 -75690 67542 53811 -64155 -48492 -18031 93316 36276 68274 33471 38450 12304 77280 19997 -60444 30509 -60553 -21475 -45775 83973
35149 -51595 44509 83396 1966 10347 55696 -98744 -15158 26949 -84064 64490 -3487 49730 45395 -40274 39020 27030 50223 -99859 42081 9669 9140 -46147 9841 94746 56464 44367 -26139 -57458 67227 52315 22795 96592 -26169 14474 98027 34102 -93500 9242 74631 5466 -88936 -28772 -51520 46631 72599 17607 -30167 63163
66838 -52647 34583 6654 -24017 72434 58694 86041 50949 -88250 -31399 55225 11516 80080 22090 50728 -6650 -18115 -73989 -77396 53425 8495 28173 -65277 -51793 -50150 14900 81599 14071 81079 51057 -39386 -94883 17558 -31788 -11979 31934 88816 65406 17160 -52104 8776 -52531 -98391 95775 -22645 -47944 -70895 -5318 47085
15392 -40807 -15059 -87320 -57440 98120 -25750 -24576 -86366 -58912 3811 -21560 -24792 99661 -77592 30122 97882 -80730 63313 -28352 6786 -4359 21563 59435 52871 569 -15458 75083 50409 97378 -48144 -2232 71726 -12049 -56304 -29407 -4459 -27929 -46795 -19074 34231 584 10902 6476 11352 28611 52578 17987 -18927 -87940
-23434 61737 -85377 78071 -89911 -69314 -62812 48031 -58505 54290 4568 39072 32570 -50460 77400 -4128 -24228 -6733 17196 -27851 -62074 -95584 -6136 57717 73682 -61682 -75848 -93462 63142 -60807 -16606 57607 -74541 -45106 -59146 -4557 -90949 -4948 11351 -26149 5951 24069 -4541 -31813 20690 70567 73511 24323 17249 78525
-24648 -14867 17732 -86240 77473 3052 -66349 4508 -76208 240 -36948 91768 78952 -68409 51077 80650 20921 48525 -21011 29008 -51452 -68381 55755 29682 86177 -93372 -31425 -69121 -38295 -45263 -22219 -25316 -28705 -91419 -60655 61283 4360 -37600 93536 -33730 -44932 80727 32178 -16797 1671 87871 -20556 96774 40491 85611
-5931 -75096 40646 19191 91992 -46241 -6275 45921 12302 77483 49963 6611 -12228 74108 56774 -17017 -49354 27508 -98056 45559 -16527 8305 43090 90891 79409 1635 7930 -30488 -49941 -1255 -56258 -63497 37781 -92327 85851 42144 -20638 15867 58645 -82402 -42284 59325 -90347 67870 29403 59203 -12423 -53382 94604 -8523
-11202 -21328 -61335 -24293 -36511 -61864 -79663 -79710 -16693 -79674 44130 69477 -80308 -70441 -36638 35807 -45925 65350 -47535 76893 -52738 81824 -39927 -163 55459 -90209 -77376 -44090 48732 20132 79271 52135 83666 24185 84994 -26259 12570 26495 10176 -44318 -52938 90060 -78754 -20292 53343 -11112 83226 2837 -69273 -45711
26907 -33137 -11738 -73364 -8709 -62561 4328 -94362 -1364 73043 -3544 57436 -9139 -35280 -39556 29585 60245 15981 -60312 60109 -46491 59330 -73028 -26580 -24783 -23328 -95541 -41072 -71015 80941 76926 83614 -24751 88954 12076 -56396 63982 60085 86216 922 40977 -4188 654 -24185 -40933 -95742 -67785 39926 -7149 -330
-92517 97211 -9019 10074 -92219 33069 44242 -27727 -51822 69003 30932 -66081 -58242 -19065 62999 -19330 -24952 -68843 -11227 -58280 -14778 72098 17512 94594 36729 77684 19877 80497 -42879 -2901 81971 -28013 76376 -29898 -4613 -97839 -26653 -55601 67107 -90664 74431 38130 91536 61448 -93241 78374 -99899 29992 -71159 -81444
73346 81214 -11027 77759 76116 54724 -40953 -28231 3815 -94388 -7945 49221 -96808 -49781 503 -92253 6325 -89553 97714 87334 94471 -42882 -72346 46883 -6406 9481 -91722 -27243 72399 33204 52217 74764 -27394 45024 72503 -74040 68214 -29056 -67387 47774 34751 65574 -77393 42882 -48015 69982 -27860 -83346 -79791 19394
-25809 32700 64118 -33513 -21123 68222 -31916 -15934 79961 65800 -42199 8485 27327 89007 40024 16058 -15280 96862 83337 -70468 14121 93356 60927 68569 39833 70326 8641 66722 -12716 40736 71357 57469 -5671 -98185 69052 -60247 -66987 55423 -14595 5995 -41110 -4613 -10199 -77285 47191 -54666 562 -19759 4936 28023
-12262 -81892 -63976 84571 -93581 -70121 -95221 -23724 96592 79864 63420 67505 52936 -14388 -96023 20727 -44594 -88129 72530 -42983 95057 76965 -60348 13002 34275 53533 72683 -51882 -7648 21613 14176 -45790 -15369 188 83282 -89511 67592 -64246 -46368 14851 65589 84288 -53034 -9506 15254 -65751 -84896 93274 -84969 20267
9420 -50228 66643 -42667 -36294 -59192 -48320 7722 56499 -7688 75499 21482 -73065 -35208 51067 -31089 -5477 3669 23711 -49547 -46302 47858 63871 -8487 -50801 37910 54261 -3915 -5005 4869 50791 48340 -25077 -24992 -10862 94138 18529 52823 33157 77973 -50544 47669 24095 -19286 52770 23554 24151 22626 -25085 89503
-60000 -58418 92703 -17090 75272 -45770 -46873 -97200 50075 74249 96829 -99400 -80546 54436 89989 10044 83687 99471 -3536 -27255 77235 -29529 36597 99749 -10836 -82030 47098 34917 -40034 -88747 -3502 -24505 -75675 -66617 29226 19239 -49028 51704 3085 47561 -1444 -15379 58782 -6411 -69835 -18916 -42925 -11087 -10152 -51350
-78821 -34916 -31635 -69256 -64915 -85403 -9567 12119 -10508 41601 -94509 74086 -30431 -25867 -2958 -11800 -29196 -72274 8425 -95560 -54933 86275 -36928 85563 33913 27883 -39295 76404 -40599 81983 -77583 -41676 99322 75741 37091 54603 88095 -4528 26491 -76583 -37676 87790 -41113 85859 59305 -71353 59864 -99712 -65216 -59865
71553 66869 36874 -91126 22574 53344 -49317 49262 60325 -184 49177 37215 -63658 -60729 -94623 82424 -66106 28795 28414 1564 47776 18638 -98505 11302 -87211 20677 -73529 47298 -17376 54890 16926 -28096 49596 -42284 37542 -84724 51091 -63299 70184 10917 34024 41006 -94059 52617 -212 9241 -31908 -68005 -59085 -71657
72709 37793 4717 97959 -35976 -78864 25794 46002 20927 -89422 -99624 85106 96442 -84477 -98512 49369 -50565 91871 -13617 -22841 81622 78692 94242 -99038 -95836 90099 56978 -43828 -44822 -73527 56932 -53312 -38058 33751 46643 -47262 -22142 39246 46467 -52546 -59163 92240 -88492 -90270 -79645 -11943 -43269 -29710 -28325 -50515
-79019 88855 82794 -36325 53213 -93171 53256 -90013 11805 -13211 99456 29074 63381 53263 -44866 -15441 11726 -85049 53879 87154 -61112 2121 78795 77493 10607 20005 5795 37156 72910 38954 94597 94682 -3067 89648 43361 -13197 -71823 44150 36954 75461 82606 56132 -45901 24241 -69235 -24284 18975 73464 85800 8406
87621 53535 -68926 -13536 -95774 -46295 -93027 -8817 65479 65147 48007 -98430 -27326 8202 41098 2555 -52396 -82146 28471 -71434 25288 52658 -95452 259 -75508 47801 17540 -92809 30334 11909 -79536 -60536 -86036 28788 17700 87841 48960 28396 78721 -47730 -73951 19809 -31518 1322 -95192 -35045 -45328 -73804 42226 56931
-78358 22649 -91656 38413 23402 43921 41000 -77673 47720 -41378 55380 56569 71952 69427 -20925 -92217 -55247 -52615 24952 -250 -52127 58338 56255 -83746 -97352 -80287 -57314 19427 -51429 -9266 -25232 25122 -83142 -83818 8618 54784 -49823 -97563 -58546 31243 31529 -23177 -26947 -33925 -74535 99179 52487 -78178 69537 85622
99850 -58871 23748 -69282 -97053 44089 -48442 64995 5718 53749 -40128 26135 -9409 -53922 -85129 -48190 -59610 4233 -65860 51541 52407 -39041 -32697 27842 41549 1165 32315 -74562 -72674 67572 -23176 -13462 84500 9223 -55869 97184 -21884 63255 62472 51073 -24753 -89072 -30543 23785 28007 90344 41106 -31291 -78636 -75633
40039 83640 -85842 15107 3311 76911 77929 84914 -51075 -69128 -73095 91915 724 60581 10433 -1314 1281 -59857 -133 38387 -82 92106 67291 36302 -90589 -99271 94015 72208 7774 7879 73102 7798 -7926 5447 54011 -31622 48059 92642 11353 -99056 -79763 77216 -33436 29714 -66910 15669 28054 -88539 -64190 -2750
69708 92977 -35674 -16669 22847 -93404 86903 -8893 1882 23886 60846 -11865 90047 52792 65390 80824 87224 -66234 -26603 -37049 45293 -40950 74397 11554 33047 19469 5977 16171 80357 41512 47485 -36541 40097 66678 -6089 -60564 -73696 43401 2683 19071 -78171 53387 -98253 96429 -3912 44061 -39026 56874 8675 12538
-99270 -42847 32669 -97891 71055 -80213 -53498 -8053 25582 48214 95164 -51122 -73655 2932 -11477 -1479 -79099 -6721 -71055 -90126 -95845 5232 -49928 48288 17659 87022 -836 -9115 84625 33371 -71406 -20559 4944 -57750 -90199 73234 -13069 -31176 85656 53050 47439 -24119 -86333 13277 -21475 81798 -52117 -33596 -33788 71406
-63836 -89626 50013 -98752 -76953 85027 -36 59791 59591 55203 69117 10863 -57476 44492 68628 92496 -85812 -1822 30698 -84306 -28195 -99795 -19598 31534 -5497 74903 -85909 -43314 64067 14087 -55212 55737 -4558 66960 -55141 -36576 -29733 -25697 -11525 -80523 10503 56985 -98494 -72802 -85933 71377 -46874 -80776 77799 72728
85766 61592 -18356 -62001 -7028 -40186 73115 -45839 11885 39986 -12804 -44737 -99382 54237 50808 -32424 15732 -24420 93137 -46244 -69567 16167 -96365 67370 -38712 22609 -81621 22793 -94331 -84609 26796 50776 -56478 -19463 -49173 63630 19417 68099 -70857 62612 93559 -26887 49826 72019 96625 -49004 82853 72050 -15002 56000
66612 -69434 -7121 -71250 62003 60301 53440 40207 38852 62366 87476 -74926 -54345 35398 27778 71918 17068 -44305 46502 1614 -9027 -1850 82024 -42887 -41602 -7873 38377 67607 -11954 14358 -98781 16836 62681 61668 -73905 -75473 55767 -43676 1036 7485 -52533 50791 93898 10055 63494 -29234 -60756 54498 16649 88492
88144 -92634 79283 -73116 21743 -43208 -70348 -13137 -46542 -20996 5314 92208 1513 90473 98628 26209 55709 48282 66251 58231 -19376 88243 68118 -61803 83127 41352 -26040 -42295 -7409 -240 -36154 -66180 22577 36851 3092 52176 -34257 95796 84999 22548 -5869 15455 -40548 17950 54958 97697 20777 -95291 16570 73157
-36902 -33767 -69444 90092 -15441 -50260 14305 89146 8973 79609 -23771 -98881 91144 -54564 90108 -43824 28307 -83341 43357 -14403 -69869 75867 73602 -66717 -1161 68460 -81582 -99101 -53249 26574 -23882 84124 -43761 71570 -2954 15499 10230 2906 -98812 -16199 61544 41672 -69678 -4326 -9992 62318 -57303 -76756 89039 -14221
-83239 86459 -72286 -61734 37900 18615 51829 -30726 -32195 -60574 -58246 93943 -47265 -74357 58627 -72038 45940 -8795 -46593 12573 -56675 -73382 10037 -71221 -62519 86330 -9496 90096 14577 -18309 93277 86607 -48448 37605 41578 -55557 11766 -49074 -20704 11094 3562 670 36076 31469 -25187 79082 5150 41243 -46842 33069
44228 -50868 56448 42191 3662 -61373 -18450 67261 -12153 82488 65605 95486 68220 70427 11142 80129 32482 54420 -95253 16331 52335 -13012 60054 9574 -20495 -19507 44447 -29230 32611 -28025 15641 95353 -67449 -26550 -92137 -76059 -58709 50308 72150 3049 -22812 -79495 54444 -93217 58579 19153 -41100 37335 -64579 -84787
-26127 -5930 14660 -82714 -95462 3576 90124 -76650 -23756 66888 -34435 -7662 93720 -58290 84125 11414 -43588 -84811 6993 -22896 44759 58251 70838 -99482 14869 53009 14119 -977 -61369 51729 -57035 65599 -31166 -85245 -11043 41353 80453 -35351 -28667 -31821 -26045 -12153 -77316 -82861 58613 95368 32770 -37933 -12991 -24982
-61919 -18110 -95653 -39593 24539 -36132 38658 -89670 -50207 72164 -61307 42873 11757 73778 19249 76397 -56010 -3196 48001 94969 5311 -59631 33211 -90236 61282 -6811 48842 95198 -22126 -24269 91668 -54747 -21584 47455 46010 -77583 69720 -75630 12888 36297 -2793 59383 -79512 8398 -11979 63768 -91163 45343 -64019 1884
-72428 31654 -93727 -39118 31648 68473 -40954 -20115 -61819 -86710 7249 -71328 3802 -3188 2939 -57784 -51296 -18145 39656 -92075 -79998 -64575 70453 -29522 -12266 -15343 -91532 -5560 91509 19307 -31007 73724 81402 -75133 -76753 -26460 67589 23815 -89644 65960 95207 69099 28132 -31634 73728 -6883 19875 39661 14515 -25061
10508 -35389 74544 -53494 -67399 67007 23341 -15987 -96713 9468 -48498 -13490 44640 24402 -58841 -1227 25958 16183 -15195 2279 1345 -52032 -54021 86372 63544 -57480 93062 -10843 -5459 -6936 -88553 60320 19728 62930 -52840 66096 -86458 -5796 -78392 64131 -19214 57494 -75591 14252 39825 -98294 30693 96500 -9138 -85919
