15 12
-42262 38785 3251 -21256 -5887 58421 -49970 -73275 60421 53761 54017 96822
58694 50649 -55969 66459 12714 79674 59946 -54758 52370 32910 -63183 58536
-10803 24309 67838 79456 -31674 33699 84116 -69581 -74579 83553 52201 95155
-58378 -56066 -13881 60497 23193 2261 -58697 -99745 98543 11513 -92072 -5565
40063 -14387 -89638 -70279 28204 -93168 1186 -53895 -27156 3089 16668 -92731
-71761 -61823 77011 16415 -70440 22600 -2104 -57924 96015 52546 8760 -55695
69812 58364 -90506 -78129 -65287 -23560 -80145 -94988 87362 -42958 1617 49083
-34153 -61759 35657 37666 44067 43016 98116 -11361 39729 62638 -57482 -29842
-11129 60030 -75656 47456 86111 95374 55627 -56658 -92689 8134 -46666 -10922
-89709 -41952 -96238 64972 -48797 -95860 16690 -83967 93939 43003 -43779 -20519
-25850 26886 2770 -67211 11348 -18607 41730 -80829 -67915 -5868 72121 98432
-21703 49718 -55422 4993 -16783 94061 -44091 -94958 73788 -56526 -3554 19344
-61292 -95389 -86761 13863 54686 -85485 -24704 73374 91642 -7280 82258 86740
42288 7395 26072 59102 -79626 -57563 36331 17082 41394 66376 -56054 -52987
-62615 17720 -10744 -29753 -90439 -63176 -39947 -67281 17680 97578 -23956 -23108
12 15
-66601 98100 -72530 77803 26703 2179 -82430 78276 -27865 64833 64968 54959 18522 38561 74700
73368 -97263 31662 -75658 70135 -57915 72587 64104 -57793 -54215 15734 -22226 33453 64540 -70120
2507 8007 -142 36190 -58062 -91873 -4019 -15141 -9813 -72352 26531 -7067 40640 -36753 35862
81077 -92279 91239 -58568 -7842 52556 99568 -49462 -36486 30772 19775 -65805 -23137 -79172 -95001
94786 411 57214 -32888 90182 72576 70689 40490 26178 2353 -72919 -75353 95370 -86061 35183
-30406 -19040 11520 57024 6217 10025 16155 48699 -76818 39445 3643 -54900 70512 -85076 -27864
-85694 99872 -8839 14591 18520 30639 -81535 82749 65590 -75234 30611 -6286 25153 -94470 -82798
45003 -11868 -17122 -55681 -97898 80843 -32623 -6386 -24421 -86365 3248 -64640 1109 -71737 -70687
-58950 -85423 -77457 6667 -13084 -31121 77546 48189 -72616 33194 -6080 98652 86661 -87183 90739
-9111 62308 -17307 -40943 -38580 5143 67960 -96972 74951 -69321 21069 44783 -74501 80579 70447
26523 51380 -24653 -859 -12727 -89911 23844 -4380 60736 -29992 44226 53791 -66012 -58564 -28600
35884 39757 -69970 35062 -23218 11945 -93857 -70302 -62271 -23766 -96448 -19030 76833 56090 -2010
