50 40
-24750 2501 97661 49000 74986 45596 -25908 -4832 9917 -38374 -450 7688 91180 -80610 -44668 91707 -84729 86669 47416 -30258 -46483 67515 -27917 27416 96813 -61458 57986 -21704 -99393 -46296 -14125 -382 -75385 -86149 -87116 83049 -21511 82972 92981 62165
21096 -95825 -92222 73144 46814 -68767 -60042 96024 -13831 47725 -15536 31433 464 66013 15398 -44338 14643 -96533 -74599 7913 67240 88240 -5542 14730 20865 -286 -34666 -45867 87353 87232 -14320 82146 43635 28147 -76204 77959 16125 -11113 -9830 -43875
87861 75816 99537 -40318 -80799 -99572 -75301 -71981 -45925 60771 -38336 -97066 88270 5618 -90847 56079 -24359 -10205 -95745 75440 78089 -6551 -86576 61096 -74272 -79890 -67809 -64379 69732 -4926 99832 40932 67707 60464 49240 -20505 85423 -94923 13566 95164
-27508 61629 31339 -45819 93602 -77146 42699 5850 -87460 -66892 -30404 -43885 52499 81629 -6734 55887 -41664 -68272 93207 -84038 -24609 -29502 -52957 -26834 44922 37667 -46148 34591 15567 60299 -15271 93740 24916 42612 63452 -23355 -84852 87965 69366 -40749
58085 53068 11763 88397 -28815 -96440 70937 -16406 -820 -62243 -84443 18967 19845 -68507 -30204 21362 19615 -81398 -95569 -49957 -23589 42093 23870 -76357 28391 -45117 -59922 20621 -33995 30418 -64412 -29072 -78384 -36263 48907 -23863 -67137 -50902 -57004 -1416
96782 75712 -87392 -38634 -79900 -75728 98807 -10227 -14020 -32673 24575 -6706 34697 71534 -95649 62763 64551 98218 -97759 1631 -85458 42673 53147 -80383 -25678 -17596 -18128 -96934 -70762 93892 -62222 -10809 -52900 39328 3299 2060 74878 -46148 -55141 80746
18242 -71285 77845 24901 32772 54846 -62723 -35004 -69428 9860 47251 43474 -77419 -43222 -74346 -86339 -69572 -33328 80184 -6393 42874 87331 69678 98423 18205 17401 15661 -40919 -93681 -38876 -22755 -66465 -96167 74759 47827 8271 -3479 68036 87965 63202
86103 -98726 -70591 -42021 17624 -86522 -40481 -3571 -9485 10610 -47199 16602 33244 38417 -23964 41466 -28571 5292 -11817 -67549 53846 61698 62891 -44009 -79671 50275 61275 56235 -1403 7628 -15801 -79837 44747 80813 -26745 86514 -98396 28613 11383 -99185
-94684 -32214 -72458 34304 -58371 37144 78631 -32287 7824 95349 1986 -60065 -46691 -54760 50670 15965 15538 43151 -52284 36844 32071 2184 -82607 -3768 12927 -15598 -70205 1884 -42077 73356 -4636 33107 24531 35368 -25185 -6939 -92257 -25814 46864 -40192
69374 -39255 -11943 -31486 -39411 -88969 68830 -72035 -37189 -39718 74426 27267 76956 -2075 96506 -97744 26875 71767 -74718 60072 -80784 96648 1421 81558 -6239 -1797 -63721 -73530 82207 59628 -50883 -17307 -92226 -78888 21718 23363 -60638 -42173 -68186 73884
24949 -81465 23105 46130 -40191 -99121 -60227 24163 24206 35644 34475 -5034 -98082 -6210 -35374 -83923 3396 28211 21290 42466 -69961 45497 -32026 21378 59929 -41225 -72035 -83113 66500 74468 44759 -88185 62043 -27485 31394 -46428 -37221 89092 41789 -30060
41925 12346 -84330 91846 66513 -7020 -55289 -64261 21312 -77681 -11817 84443 38202 90744 88817 -7035 -61066 28940 74192 -97158 -61105 -94499 -44418 5805 -47020 -36030 91244 -58177 -48054 19610 42957 -54110 -55620 39217 -4880 44629 -19101 80319 20727 -67013
-51116 -33657 42083 -63707 -68002 83169 64833 -91941 60705 26590 58696 -57137 -38312 40791 -99997 18030 -53746 57084 38051 80887 -13572 82033 70456 -20645 50036 80623 60815 61706 55221 18677 17296 67643 -46885 -62878 59272 -36251 60122 -91675 77045 -4788
-84015 82988 24244 -69262 -43567 -60151 -6660 -63100 62958 -71735 -95296 -37727 63855 96165 -22661 20667 20323 -83376 10506 -1287 -17045 46690 14231 79363 -4302 14711 -52894 60014 -19690 97707 -35324 -80925 -3308 -24786 -530 67280 27988 79942 -87575 -57688
-93191 47077 -52217 45241 62835 -2008 55292 -18047 78490 -38533 -19008 -7389 76812 57839 95380 35171 -3768 -9345 84839 -23388 94556 46777 96587 -90262 -41227 99516 -5277 73128 -1108 39097 -58377 60276 77549 -45950 1630 -9986 -60392 -4354 75495 -52430
38517 -94402 49526 40993 -43006 -96108 -56588 71375 -55682 34982 -44185 -44866 75285 55443 -97725 20829 -96147 -44209 -48799 12075 -41673 531 -58162 -82751 61832 14553 -70062 44562 -57048 -25919 -56238 -18128 -90152 -20410 -69369 -32708 54469 55577 -42800 68236
50544 44576 72590 51476 87263 57289 50965 73283 -11978 91722 -52288 17139 -48036 36741 -85026 88344 59137 41528 10923 -28710 -72489 57370 27971 -16418 -27437 -80494 39748 83190 -18546 12193 -68709 85686 -24798 -98889 98865 -90673 -79844 56304 26009 -39036
35017 31071 93280 -68619 69787 65532 -49785 -77111 48075 -49599 47634 -17230 48729 8511 66906 84995 29112 -55928 -83357 -33501 -36662 -55495 61527 -55527 -69311 6823 50374 55048 -98994 65401 73395 99677 76547 -13686 20585 64758 -68254 28942 28052 92896
-3103 35379 -68212 -50552 43351 -54110 57083 -28707 -68299 -5715 -58632 46336 -22781 83856 27995 -13323 -74273 17154 -39417 61937 16150 -28723 -52121 -19876 71526 25553 14691 65828 -97975 46937 -19948 -27292 4230 44687 5922 -44282 51017 -52281 42925 64720
-59781 29965 4080 72763 46613 96050 71622 29407 84448 44221 -84562 -16660 -26288 -24027 63867 -63331 61348 33450 -45376 -97546 -48014 -70099 -98541 -74863 1354 25348 59996 88437 -87822 -47519 -56523 -54340 -1657 -98287 34054 -22256 78067 -20871 -37 -4489
74969 44791 15018 -26449 -25363 91341 88283 88152 -82286 12678 -79759 34221 98065 35967 60354 74907 -28177 -59802 -53459 -77850 97294 99718 99343 -62699 -4034 -68140 67502 -27775 99843 73773 -35798 90603 -43987 -27432 -38430 -95405 26104 -57577 37615 -46619
-19262 85864 98640 -91985 -98168 58425 -35675 -59634 -66568 70640 76692 78648 93897 -38677 -11483 12742 23222 51927 -85921 52387 89852 -51800 54218 -84263 -49319 -20701 95539 -92692 -61439 -31071 -80448 28451 -57264 -60237 42946 76423 -19700 32473 87119 11978
-35653 -15058 -21936 30675 -65343 -99356 91356 94712 84524 -59463 -81881 -43128 -32447 7671 -13137 -20845 42589 -62342 -19518 -81491 -12867 -38593 -4331 -56272 -12450 -1900 -12678 88833 99637 75798 -98799 -77480 97500 -94785 87833 -57459 67685 18187 -4706 15759
17881 47941 -68077 -4315 24071 56684 -62019 173 -79254 -82006 96327 82510 63607 -71580 1409 73936 -57501 -83531 81060 10001 53453 -47814 82215 -34310 -72434 -24019 -31504 68448 98816 50956 94518 83134 11311 60270 -15150 -5119 -34930 -92171 -75517 -88700
-72911 -52835 -51268 91778 51522 -86462 -35532 -57129 23939 39767 6075 -934 -23352 12350 -61204 -39360 -8874 -70566 -1776 54755 16720 30023 36965 -488 -60171 -14747 -94762 99961 -87165 -58163 40337 17473 -60140 31563 61969 34112 -46449 3224 -33181 46117
1606 -34582 -10357 -78906 -57274 -37860 -95270 92021 52261 -46861 -74936 -79894 -75014 71841 -63460 -65032 64115 -93844 -86955 -5773 85759 5532 39978 -77562 -26307 -97923 51502 89529 -84184 -63322 30100 -95939 65506 45050 21038 -32295 -75308 -13264 15655 42517
-22866 -45106 -93046 -1064 -99154 -17623 36037 -40143 -93873 73258 52000 16779 49768 -69964 -60522 60122 -33747 -8488 -73184 -22257 29437 9393 -33763 96165 -26413 23290 -95790 85096 -82411 2734 28870 26657 -1373 64738 -64089 73671 -67812 9837 86846 57235
-74852 81705 57423 30779 30727 95928 80784 -69507 -83661 97038 45749 -48108 91886 81935 95749 72009 -2870 94645 -2716 97620 56538 60943 -54635 -41105 64458 -99363 -30201 89395 -15076 42928 83412 98566 -90558 80823 -74735 -93725 -75651 -97664 -76848 -51446
-66774 -81888 1545 -55057 62423 -57680 2975 -78160 21395 -99957 -90549 -5583 -53394 -97581 -11332 -60650 -40695 -81530 -45010 52133 7554 63479 -39249 80268 -44758 -44759 -26169 9720 61491 -17344 -29442 56608 85147 50211 -96505 54795 -95102 55158 -49308 50888
70334 -61170 16827 21128 -84970 -85329 -76610 55699 32340 69355 -80561 64346 -55469 -36541 -7694 -39557 89760 31839 27147 -82300 48302 -28713 21200 -28717 -37806 39058 -55285 26154 -59969 -59882 6572 -70884 45617 34597 44019 29783 22603 -83433 50193 84851
88482 6621 -22474 80142 -20688 92102 48385 25481 34977 74855 25683 -10398 -45448 -15035 -62244 48938 -40074 84880 62805 -70162 -24373 66231 18211 -13417 -48977 -31315 -59161 -66043 14786 44487 17306 -37261 -74511 85744 15186 -29092 -48792 -61344 79695 54350
64635 31759 26943 69483 35471 16342 -95451 8245 -39994 60661 -69435 1154 64986 -21864 71167 12207 10729 65723 15779 -64909 -17988 -8424 89066 -87639 49728 -23174 13484 58286 34256 -51333 -77694 13420 84545 -53753 17155 90665 22921 20149 -80495 -71265
95148 532 9482 86137 -88564 31784 54950 -42967 -1450 28947 26820 -57957 55169 -66151 55605 59434 -61707 49438 53969 -58276 25135 -32539 -94075 -29888 51092 92622 47398 15688 -99440 -71571 19549 -56490 -21981 -36653 83293 -75641 -64188 18682 -75253 1355
59376 -83050 -87180 26182 51352 -49222 -37685 -69802 -23113 94373 -21847 91267 -63478 61224 -77049 -66725 35733 -62672 -33328 5881 -31806 -11965 52284 -87492 11287 81399 18262 11584 79589 -23280 80405 46813 -66106 -89644 34489 92146 8009 7537 13284 55577
42944 -13146 -96307 -57207 -16622 -27002 18096 -68039 -11316 -7507 -93106 -91555 -94498 57026 -42754 69859 33981 55604 -72915 17828 -4064 43658 64906 48577 12866 4793 -36376 -57851 45520 -53684 -42851 -17211 83802 -56985 -6015 3982 -30755 -23115 84201 17560
-7836 50425 98464 -90687 -49423 70553 68444 87067 -16446 -86653 -95339 -72513 -20045 -99023 64618 -89772 61169 81539 63251 15685 -79295 44290 36245 -61217 52288 -54104 -95823 82026 -30148 19656 -47075 11682 4634 82736 -2382 38089 -42651 35825 10060 -1153
-80286 40340 39697 -54021 -17455 95285 -4296 -95494 -79705 18274 20866 58779 -13476 -93965 -94219 65191 69499 35270 37329 87328 -6570 -28229 -47392 56447 87538 -56611 -53059 52810 -43191 -94381 -67685 59649 55825 52969 72604 -89837 -7131 -25091 81931 23394
-94858 -81816 -70601 27273 -59999 37041 -82343 78498 -53898 89320 86462 58813 -9323 55958 -57524 61440 -94809 80045 49302 -69594 3398 -72848 8388 69037 -14843 89576 -31922 -70925 -25615 99813 -49070 74202 -42353 54336 -49858 -51005 43463 -74080 -5911 6794
-59833 89599 11593 8955 55393 8075 -12887 57273 76439 915 900 34519 78045 12560 81654 -24279 42714 93189 59465 43115 -38226 -32721 -79985 -1949 -12238 87179 -91985 28210 65560 98366 -14673 -76516 -83904 -65140 -74412 82628 94599 -3834 21143 51540
60534 65914 69666 71162 2117 17327 8803 3892 97662 53057 16220 50411 17116 -16162 -74576 36182 14247 29462 33094 49401 8221 62635 -37425 -71560 -69783 89447 -73354 -87148 -97802 -69638 -8994 -34527 57769 -97942 84032 80160 55991 -58199 -30962 67192
-85834 2555 -25427 -59780 -84198 -80395 20546 87987 91661 -69965 64873 9362 -44013 31258 -85483 -63249 2583 -15988 -88857 42877 20161 61645 61107 -53387 -2513 -97722 39879 76310 -65573 2216 46883 21694 -16726 2346 -1440 72765 40865 -16521 -486 -15576
-22911 38719 -9494 -65659 -6494 -54026 89816 -36383 13730 -75984 15151 -13679 -76195 4190 -37230 80371 -64386 -22884 -22925 47506 -12397 62711 3437 76538 12457 -66702 -24618 -76648 -23101 -44749 -91421 91329 96152 35418 -89448 57347 -19031 10256 80586 -9825
40713 7190 18480 -45305 -85728 -70394 67923 53033 33411 -8323 80581 -55108 65808 -26227 -65132 41685 28291 20407 99090 64733 -71423 19519 -70116 98940 77790 -74222 29164 32136 73985 96032 27406 83221 -93891 -33945 70195 79391 -73099 -68860 -12919 53739
3040 45117 2786 -47350 -50577 1311 37817 -79052 -477 -82493 85324 1159 89608 86893 97502 84491 -87485 77922 4195 -15601 65496 93844 29126 53364 -27680 -86079 54253 -73631 12662 57043 -4819 32446 65465 3645 37382 -49012 39916 -41204 -72175 -47201
-43351 76748 12311 -8937 -23351 -19881 -84471 98971 -20013 46689 29287 -43350 -12401 -49972 -57001 -92745 -89516 -91508 89555 -22419 -38835 7378 -98043 46377 -92586 53059 21357 27813 50074 -72559 25395 49345 -68036 -90412 -85960 6473 51935 -92245 -26606 73824
77645 37255 -74840 -64890 -2425 -89904 23862 39221 -52724 53796 2163 -73837 -66837 1813 26982 -65620 5994 99841 -49999 876 -7067 38895 56502 73500 -55823 66634 -19078 -18575 35407 4478 92874 52796 -64141 21639 -50040 36345 -62405 9694 15108 -17689
-69534 18111 63920 85465 53006 -87539 74041 -38474 -40515 -20424 -82718 -51702 -22403 7490 -558 17897 54430 -43121 78884 21713 -86579 -72816 -89520 43734 -30146 45466 -79785 -11458 -70751 -75471 39753 94163 56241 -50542 -85641 64412 72097 42763 -12208 80549
-87576 -26710 -59348 50639 56027 -67164 45142 -25997 -57436 85237 23799 26761 90991 46598 -86663 -11287 31279 50737 47723 30540 8796 60724 92415 52595 26410 50234 -44484 37681 97455 -88093 57009 -76722 -67679 -40849 84167 82753 10175 -12136 -5480 25152
-96613 57085 47060 140 -22731 75913 -67136 35518 -3731 -42562 -88428 -58072 23199 -2568 -2634 63214 -20542 26819 67278 40189 96893 49096 75912 53960 77503 35122 -36552 -51715 84634 90561 1096 251 40819 -71051 38689 22534 -58462 -56657 -9324 83489
-89093 27909 66609 -57885 53959 -37737 -25891 82593 55750 34674 -35209 -34617 -13344 -90899 -74359 50525 93056 78485 -32302 68278 -46492 89872 -71994 -6413 -57534 -32573 -26562 -31509 78218 24286 -42092 11886 -56257 52455 -36526 16088 -22107 65932 -79348 -57760
40 50
41807 81824 12862 24500 85273 -82530 -5660 -18663 6827 96853 3469 77540 92358 -65476 88224 45938 53909 -67770 88048 -614 -40696 9016 46723 42468 -76228 -84162 -3679 -78042 7300 -48222 -78213 66768 4577 -89082 -64844 72571 -34177 -15119 -68875 -77282 -87552 29749 -23396 -5149 -34329 -80361 70617 60519 -96109 -62014
82455 -11005 -28644 -69040 84425 81361 12155 98441 27894 56372 17910 -9531 -247 -30069 72134 -15660 83055 970 -99078 -31163 -21906 63754 -12932 7837 -93138 55970 -53346 -99210 -35831 13793 -25457 61387 -71958 -92413 52412 -45671 -84708 -25507 63364 -66880 29467 66868 -9607 22929 25355 -81291 10039 12541 -17578 -8681
-57642 -75113 -96888 -88777 -24829 99413 99149 22789 90522 87096 -31731 49589 -37958 -18465 31185 91931 44855 23706 -21159 75041 -92465 -39173 12901 86255 9494 -26477 10255 92498 92776 87831 60152 -65632 -78377 -67409 12869 -23911 41953 3544 2563 69121 -28748 -87995 13556 33650 -46576 -53726 87655 -91944 -62868 30386
32006 11539 31815 3548 42239 68643 98649 74707 40083 46436 -49762 -60354 61069 98647 -41570 95985 85055 -1075 20175 76982 38657 49728 -88670 -80036 -83805 34715 86539 -12877 29276 -81524 65511 -50060 -83325 83818 46756 -18246 7575 -38320 49685 52463 -54347 -89675 37020 47615 72464 -83623 -32646 9490 8368 -39131
44108 -85377 -59620 97178 -45364 -29410 41753 -34672 -57524 -97098 -47105 -78909 12838 54482 -82590 -32483 -76673 6644 31408 61156 -28067 46002 47173 5121 -27502 7758 -3633 -38357 -72443 80956 51049 -19370 -60297 -1148 -30117 -62780 -25657 -29642 64665 -64119 78830 40461 -87104 -83536 -92051 66453 53522 67029 -66184 98706
5041 -60190 -12727 23693 2416 46383 -49003 -48225 13678 -5002 22231 5546 -39151 70449 81820 28264 -55488 92018 -47441 27376 -97612 31531 -8982 -37082 -92265 -20689 -45291 52600 68563 -89208 -14819 47102 69596 18501 1685 31362 -77224 6419 35055 -20371 -63673 -31442 2505 66736 -32616 55450 39853 -82618 -15796 -66427
5027 -39719 -63478 -31891 56500 -7832 -50658 35484 72357 25770 -23252 8796 82045 -83309 89816 -84574 -20818 97465 84575 50594 26354 66188 -49877 -67845 -24297 -34925 -72646 12825 90275 70978 -8963 -12043 16172 -69059 -43225 10473 29851 -42085 51022 -82662 65749 -19347 94828 -43510 -18830 -59935 40467 -12625 -27012 74358
96784 54520 -20397 -24077 -59557 -3815 41222 5961 -11265 -2164 35631 70095 17145 -16371 19803 92261 -57741 61268 -6405 20646 26965 -53599 82930 -10338 44134 6662 29952 23680 -51105 62036 46481 -29720 72072 -81016 -5372 6834 -76558 -68547 94526 -44616 53046 22561 10733 756 36135 -4081 -37816 -55578 18516 50880
14472 46834 2408 -7477 14778 -85796 -89275 -94238 86466 945 76146 80189 -37266 -25294 -56669 -92894 -96801 -10879 35780 25281 57204 -56387 -15755 -45129 43381 -39344 73331 34133 7274 2120 40317 -46041 -46068 22036 79828 15793 91740 54716 -10509 -23588 -40184 81004 -84802 -93921 46803 4310 -80885 -19433 -84716 11871
82253 -72256 -93534 33734 15351 -35678 -67099 89190 -22331 -769 -17517 27790 -28026 -17468 13847 -1568 53502 70990 70266 -3851 -72493 -83166 -10845 -46936 64710 -78602 -26128 -29627 -63500 -87002 -71129 -72149 20114 33573 72977 55714 -48709 52646 -62194 -65743 56555 26441 -71464 48469 72255 10075 -13287 -48113 -58045 -648
77544 -31253 16702 59191 -10990 17967 -94537 23303 3692 85788 -44657 -25809 68779 55984 62697 5923 -31608 17561 -12570 68012 96126 -221 -47756 -36030 -33416 -49862 68684 -15333 -34565 -68255 -57319 -11928 -8608 -22470 50964 -68020 -97412 -71397 -72965 15606 27957 -53670 -9480 -48674 -84728 89771 -34916 41192 84208 69575
-80502 -9729 -79292 -73959 231 78268 6557 92306 -7945 82563 94047 68777 -64793 -52971 -8211 33605 62816 -34144 -28132 -80042 15157 43651 -48139 81758 62279 -9977 59437 -69620 24426 -73057 72012 -87217 -20779 -92665 -5688 4669 10392 -32474 -93910 42713 17770 -5641 -59402 -6088 -83801 -79272 -7731 82153 -86480 -80705
-60550 45585 54619 3675 74556 -8931 22966 65889 58054 94895 76175 -90340 -63681 2443 -29270 -64269 44449 -1226 -74895 10517 -6449 -59848 26427 71695 99454 47584 19472 14497 99397 57395 93641 25434 81677 44247 -12526 -79027 45256 65241 14941 59414 44195 -3366 -6610 -12431 -72352 53123 -15506 -11664 35991 63376
84713 31248 33968 80726 68184 14738 31725 25473 -25528 -95247 -16971 -84696 -58808 89939 27178 -77751 83211 -22236 -40926 19757 -13932 36971 -61782 -30438 -51358 -82601 -13412 68855 51694 -63550 -48821 -36437 -49064 -33430 99390 -57266 -77083 88775 85598 73446 6301 39995 8455 -26275 -81814 60339 -85534 35311 -92918 93138
-43237 -97615 73677 51477 66111 20169 -96205 45954 -68447 49982 -53165 1399 64056 15603 -58558 -94764 46648 -80332 65679 91623 2694 34561 -53305 15925 -22322 20817 26474 98635 -95836 52328 -41055 -93467 8352 -7232 -49833 83407 39874 83654 81470 67842 68450 11669 -31761 -54951 -42476 -39698 -55725 -28899 62842 -45778
-41087 68139 -68945 32517 -35733 78310 -58527 9572 -99163 24148 96124 70480 -9696 16214 63170 77263 -80847 91943 42448 40294 -34073 -37311 -56930 9653 -75888 -75642 86393 -71026 -55207 23081 38818 -31474 10729 94369 20526 -70134 -79896 -32614 -92677 93165 -71217 24501 14981 -10664 32191 -34348 50361 43664 -19035 16022
-67059 -78222 7360 -98631 90269 14659 55547 90331 45556 -90882 7697 -71492 -98719 63813 -28515 8655 -45240 84032 51933 -96009 -40688 54209 -93551 -45995 -18574 63736 -49007 -76145 -10685 21553 2757 -8642 38723 -81271 55812 -35217 -60974 -42433 90343 -629 99679 -27941 74862 -88937 53056 -55161 12870 68761 16722 -79517
46515 -64677 -71409 74620 -32349 -60513 -98692 -77716 -18508 -63574 54879 -97501 -73267 -15631 40948 -86950 13024 -94178 98668 4357 -63894 -62 45150 -4416 73176 -92528 84140 62163 -34756 -13253 -91266 -12389 85672 59556 29041 -19218 -54187 11854 98034 80460 96011 -47772 43901 12883 76704 9551 61544 -80579 63992 98446
-73637 -82665 -89949 70093 64990 -99620 46934 -13546 -45845 -24782 50991 -93269 67039 -68146 -57476 -13556 -85565 30217 97643 61525 40026 79537 56707 -62703 33180 60976 -64644 -85055 -20553 -5102 -72240 24171 -3912 23083 15050 -99481 52444 76621 50777 16440 5415 32281 37663 75035 -71862 84385 -73351 -95940 75081 42033
-20905 -86406 7396 -52262 51295 -5368 25281 33458 -57119 34411 28954 -38398 75525 -23453 -92464 91581 -17218 -47740 -18721 -54541 9140 -46600 -60704 -83773 62045 43892 80308 41898 39580 -5944 -92908 -27940 67183 -17221 48475 68034 -8973 93835 -81700 53840 -59125 -50229 -65546 80485 -88237 -97346 58021 65307 16487 -3956
13258 86243 41292 1222 -95722 60949 38223 -85796 59830 -59380 89864 -2548 -73984 -75746 -42596 82203 6753 -56107 -47852 16280 -49546 32984 -89914 -83937 90772 -20264 41912 17315 -94960 -49684 8122 29779 -98799 25684 79065 68045 -49547 6083 -76339 -56806 77328 -15290 -89028 41761 89449 65244 52105 72112 56997 -78254
-32680 35513 17242 73106 -9055 71734 31900 70381 -86232 32508 2263 85839 53438 -68421 79821 7408 94593 35588 -16860 -94154 47361 72147 -70714 79999 -5244 -99793 -41858 -92691 21994 -32619 25460 -40546 66113 46164 -35197 -35591 24887 -782 -8268 -73298 5971 -76831 -36238 29424 -67662 45755 42749 92514 46864 -79668
78055 14750 -80304 98302 85301 77162 -40846 62809 -85941 -89836 48630 15537 -14770 -20007 -67799 -3720 90591 3307 19926 -34349 -16897 -66973 -86817 94439 64363 -47217 45471 -76303 -73151 33808 58782 82800 -23163 -24774 -83949 7156 -53965 -46535 -35212 -34731 56505 66438 83330 14138 -65871 -5932 -25659 7458 42105 57240
21233 20335 -62774 -26266 -27745 23968 -26482 -89012 -56809 -12239 66075 -12595 -51737 -62588 -85632 71298 -59771 93003 -85570 -9906 -23980 -91053 90192 -91503 9976 -88548 87415 -46359 3754 -36297 -16874 6317 83369 97882 7409 72285 70823 71480 -26619 73466 -95226 -65151 3677 -84950 80724 -19000 89146 -8839 31508 -87106
51368 -81339 -96486 -65791 15902 48433 85512 9269 -21250 15991 58516 83037 -38649 -94867 -12014 94993 -41540 -46185 -42854 69169 -50286 56038 89086 -13580 51359 -8191 2565 33300 -38873 71812 -18688 -34134 -45000 66824 63694 -82631 18576 56840 22406 76903 -45275 27454 65329 59072 35609 77395 40690 55893 54046 -61492
-57908 -46156 555 45530 22725 -48622 70035 -21818 84473 -66575 50229 96252 -67687 -43225 12102 48957 69796 -61224 10 76814 -40498 -95879 -89903 -53803 -94945 77948 91259 -85090 62348 -21857 -32102 8070 38583 -83147 -93885 -49136 -85503 89492 15348 -48075 -47197 38069 9259 36056 55088 -82946 -57994 72866 -68419 -45935
1808 -2706 -44170 -86956 22580 -85378 -22274 -58394 -86895 -50649 41601 33201 -86025 39251 99466 -9725 -20179 68245 -75162 65486 13298 -23937 66728 99092 26547 35682 -73503 24511 19714 68107 -12608 31082 -27248 -94945 -94215 -43937 70927 75783 1150 -86549 -89407 -45638 23704 -83107 -58132 85585 39962 1160 -97056 -91823
16712 -19492 -40168 -50894 -39836 9763 97469 -88040 -97898 -24231 -14941 -81214 51690 -96657 -81189 13833 -808 -37836 -14384 68679 -74449 -21267 43841 -1287 -65273 -22562 -87290 -2977 83578 90801 -23774 -55105 67690 -64540 3876 61404 20681 84661 -50202 74742 -49022 -48013 -48475 -16229 -1231 42154 -32392 -64746 57442 86432
-35935 -52418 -60159 -42624 8642 5176 30523 -98462 -37287 -54237 67033 -9526 56777 7415 -20779 -41686 39886 38925 -60719 87573 76742 78012 85370 -99139 28280 34951 -20955 13384 14074 41211 -21442 -39245 -63627 73841 -56876 27183 -73902 -21395 -41769 -8564 1032 7943 -75910 91276 73756 99372 67759 84985 -42305 13021
26801 -71140 4439 43315 -52680 43350 -90889 16513 6823 -60658 28963 -64405 11898 23411 -79143 12396 68435 -84298 31321 13005 17573 19530 -509 -9026 -49734 -33965 -15944 -34441 27195 -45919 85807 -29144 79951 -31520 17971 -97802 -3495 -40702 -22776 -60005 -83554 -28888 8727 46276 96978 60857 -40331 -20024 37426 -32357
84639 90066 -10673 -98400 -12662 89189 -3917 -64348 43851 -33787 86409 -52694 -41020 12856 5087 94832 -62500 2956 80271 45328 -10506 -65843 71718 -36116 2203 -4379 68104 21058 14579 -91946 26563 -82187 77519 47932 25326 85832 19019 94587 59292 -6348 62978 76074 45357 -67616 -99725 25112 13754 15982 -65085 31764
-33515 -6040 -50935 24222 -73369 91790 -30925 -52615 59455 14555 41241 82303 -20916 -82936 -69244 -19751 -64252 49422 88135 -84538 12837 89605 4220 63029 -47655 -49800 86584 7059 -5042 47006 66111 -46536 -80952 39412 -22764 -50817 76911 89592 -50371 -1293 -64616 5028 -99705 20821 26285 -35699 56815 19858 -89719 -60320
-42057 95838 86675 61193 53355 65537 -6405 67282 -27094 80952 64533 -11314 42367 95417 -38834 -17571 82999 75846 -7325 -26283 -80603 77197 61044 -72091 -74061 55773 -83033 57472 66410 14193 -46724 79631 -63947 56640 38309 -59400 -26925 -54200 58837 -67530 1306 43513 10405 36653 -19217 -64121 -3808 42076 27947 -39924
-43899 -46378 -12114 88886 -80741 -47843 28422 68839 -46595 7360 -59606 -31948 -630 -28913 52994 -92286 34363 44864 -81954 -81894 -71923 14203 17964 -66779 -52104 -19929 56460 -55400 38361 -57285 -22277 23540 -41514 -23445 77157 -51003 -90701 40365 95537 -4541 -43963 781 -67237 45305 27545 -36635 -77239 27431 42442 -4285
82619 10601 45186 -90227 55609 -28909 -30764 -37058 59993 -6330 38397 97842 -38008 -79640 95556 63369 44316 25752 -3038 56787 43569 -67076 -11309 -96965 -24748 -48491 24754 80367 50589 95540 -61136 -16729 -19609 83199 -38114 -20548 -6150 -73198 -26496 27741 32550 71311 -34507 21915 42647 96443 88246 -44589 26332 -22475
-86801 -55663 90764 -14020 94649 -62740 -3681 -83880 67749 86078 48036 28873 75652 32019 -44723 -98441 32269 -32417 36703 19934 813 62693 -5414 82719 40307 -4008 -2544 85073 -93442 87491 1604 -41374 78014 90977 -28300 4934 30461 68871 -1692 -46319 82142 -75155 96992 59079 -69744 -61220 -71105 14393 -73882 67042
22769 -99540 85106 24316 -90509 20141 30739 51615 80793 -36084 -63751 19689 -96162 31507 13282 9718 68473 88110 -55073 -73160 3433 63590 -77070 19464 -76444 -43108 90227 -89679 -97102 -68970 -71898 40148 12040 88223 -88015 48354 57194 96424 -17158 40881 -41743 -22107 -32608 97566 43031 -85943 -36455 7931 64992 -60813
56691 89167 13074 73038 -40324 -14003 98463 29377 -34845 70608 -22907 40256 -71835 -28885 -90691 15105 9268 -13039 -13667 -47105 -88123 -84683 39698 -35541 -38813 -37912 -52909 32477 41890 -10828 53680 -1224 81455 -71235 81773 -22581 -17539 -25944 28584 -20410 -29008 -47906 60693 -70641 1659 -85555 -57944 12645 9983 -97244
-63991 -70853 -59557 -42912 70492 81912 20624 22132 -15397 53571 40055 27929 51123 -32529 92904 -81928 -71975 27115 28793 78675 772 -29175 -54261 91343 -69330 4576 -73610 -11135 -60792 -26098 86044 86345 96288 75926 52578 60157 -85313 18386 67190 60419 23390 14360 73812 41371 31057 -62731 -27416 98042 -27643 -40353
58695 -46275 50346 -21413 41472 -3494 -55452 -27840 -57373 33156 79986 -23820 -88412 59775 -65124 -32617 -28189 -10972 -95754 59174 -54766 64524 25525 76991 -77660 78462 -99665 6258 60394 85124 -1591 -941 -21156 66832 65813 -39731 -53231 -91939 73423 -83572 33354 10258 48851 73486 44598 -33723 -88277 -11159 -65221 28682
