50 100
7603 24830 -79024 10283 5170 -29825 41640 34866 -36630 42224 81101 -91373 -66083 91603 -94374 -99673 -99419 -2431 -8119 -59578 -46472 -54010 12198 -91655 2458 39950 -57292 -89910 38952 -4763 -18289 -88943 33839 21542 -38004 -99932 -13675 -31352 -61493 -42551 -94600 -73151 57649 8978 20546 -79743 -53544 14100 85971 51915 -54547 64171 67590 -53485 -82457 -34702 55446 51264 69512 -84679 -97973 -28372 58954 23066 -78982 -7375 38192 61031 93341 -90628 45804 -98417 -19137 34300 -99415 22757 -29397 -53664 99186 4093 23940 29318 74403 -60790 36822 -37970 -95548 21995 99207 74570 -58832 -8368 -6614 58263 789 87056 -96121 -27206 -66499 -17017
-25264 -45777 20246 63971 -21908 10181 -2308 87476 -51789 17944 -96056 39448 -90815 31833 97958 86629 54855 21390 -44109 -342 -58466 45589 -74416 21399 25821 -72156 10226 75819 64562 26098 -22100 85878 -54521 -21125 -8775 -59853 51448 88936 -25680 -61536 24295 -6738 70108 80163 -75942 -31873 20192 -43527 2448 -92334 -42068 82399 -51916 74870 90314 -50530 -98966 24932 -9544 -55241 -58821 68033 52995 -89706 -74544 -55825 -57130 15673 98758 69972 -67854 74615 18040 12222 -71858 -79026 72249 -63911 -29140 -62989 -99329 5254 -19266 -18719 -41000 -67288 20582 96612 -67103 60979 -3352 64053 11332 20647 74764 87260 61750 31298 -37247 88441
24657 47285 51152 -92926 78316 -44189 -84259 -18899 31491 -15868 -53965 42314 -95836 98736 95876 -73636 -44435 61090 -88709 34013 89343 -28630 -39649 -36179 26597 -25874 65507 -79640 67250 -20816 -94571 10243 -78127 -76255 22806 9864 -633 49979 83295 -99476 72413 10778 32795 -1602 97540 -17827 43177 -51534 -73606 9593 -90659 -98160 -71471 -94733 62952 -90717 1750 -77498 65924 -24036 74153 -64836 74072 8324 -49285 -12941 17862 40666 44474 47871 39448 18122 99416 74501 -97832 -8425 -59010 75346 88882 -20138 66429 -28640 30600 73815 14264 46307 -35112 73249 1988 29661 -57523 -92257 -35420 32206 56539 -81897 -80361 25172 -76157 -72360
-50654 -37015 91338 -75928 -63950 16184 -29980 73565 85618 -20764 39397 -25121 38361 -66515 -66021 80104 -22917 21941 -90393 -27815 -57342 -64086 -15950 -6192 16188 -40842 -73854 -49427 31847 -51870 33404 -95943 55840 96631 -39014 -20243 -91530 -24997 11542 -74317 -51362 -40083 82277 78317 -55372 36184 56431 -33500 45899 -76289 23011 -9950 -90174 83209 54967 87005 -34662 20145 3636 44614 -67212 80811 93231 -72881 -17594 -54557 44217 46517 55314 -92521 -97307 -5240 -84810 19806 58509 76448 -15157 87433 -4126 -91722 62095 16875 -15337 -35512 -92680 -1421 -1486 92061 69645 -74340 32545 -91622 -38796 -11281 -3257 19182 52024 -99668 6982 -29232
-54010 36749 25134 -13173 59109 -67922 86106 60810 59541 23822 -74760 -48910 -32638 -41642 32600 67537 -84143 35050 85476 8401 -78869 7392 46213 26071 44332 -34509 -56219 -18644 -4101 80624 151 65714 17780 -58931 -61571 -27346 -58472 15613 71231 12714 -26265 31550 1257 79501 29105 67411 14853 33204 -34236 45927 83660 37126 15793 40912 -21161 98350 -18706 36062 -49914 70145 -91572 -90470 -33387 -9806 6078 69881 -17556 -73826 -1107 -12369 -57758 97472 49166 55807 -34185 -21338 28900 -71748 11624 50194 -33700 36763 42983 -27220 -77622 2636 10177 65077 -28936 -35181 -1197 -16945 2319 -88363 81093 4570 -99078 -2017 216 -96208
29924 -33862 7550 42846 30389 -14086 15596 -34428 -52343 95728 -81300 23652 82992 43939 53990 -17510 20750 -46573 73313 66875 -9151 44005 -93104 28577 -26522 -40022 -77695 38065 64723 -92027 -28388 18015 76832 87400 -61609 56794 -39566 80527 65814 88959 43066 -15234 -34551 45488 -97367 -49362 86523 46959 86182 -93751 56148 71373 41333 -35979 63449 -65935 -52604 50772 -16979 -6521 9643 -25317 -35502 -79475 44301 -74505 55739 -45117 -34806 -22852 87488 -23819 -80250 46818 75633 18187 -89580 8248 71188 -53774 50531 99033 -15937 98801 -83158 55772 10898 61992 -73772 -85119 -53980 92707 81603 28291 -44243 23467 21981 -69882 6711 -2147
-43216 30474 65547 76327 -13287 36182 47121 96069 20775 -77294 42118 67988 39623 25122 -27124 9278 -89895 -43155 -56973 -24241 34287 70955 -31530 -88461 58379 -58321 -20481 -60159 -82400 -70708 17164 42893 34087 95981 21286 -26867 96470 5957 67511 57643 74928 69237 -47947 -66091 56796 -30858 -85662 -69858 16229 82748 37183 -70249 70886 40062 9242 -28448 -52693 39104 64246 -85827 -15759 55155 -15566 66960 -39153 72642 88399 29564 -4802 -79518 80746 97870 -18386 -76796 93247 81304 -29984 1116 -47498 94552 50314 72646 -11003 4453 43683 -87473 -65212 31261 -28975 -99073 -26289 -28268 57855 -37088 -29982 -8688 -92523 -49538 -79772 -53472
76345 -97766 -88536 -85111 54697 8878 32678 -76674 -79003 -70907 -73877 43761 14066 14008 -35592 -14133 -55838 -68664 -50737 -52731 -52146 -91563 -80408 -35301 28787 19080 -8015 55385 8006 69923 87748 41156 -74664 -98254 -83869 35682 35417 27654 89116 67200 -42164 -59971 53962 -15826 -3500 -75715 91673 -63190 88145 -30583 -55018 53764 53447 13739 28120 -85399 -16147 -41382 36109 60040 62655 -32316 -78895 -86899 60245 77713 15399 -6494 -81786 35706 35680 44013 -26260 59203 48138 -3539 76129 3499 76719 71628 -14205 2743 46779 -16675 80546 -80252 -10517 47460 -75316 -82348 -96145 -73689 6468 -27781 -41229 13820 -40046 -53223 58841 -17522
6199 -75732 25369 87670 -64013 -47462 28438 -26430 -27790 29897 -16650 53757 57902 -38331 -78577 -57800 68254 -92846 -29211 17135 72058 -34058 82653 17678 -91594 93253 98996 -59216 78875 9544 11266 72794 26451 48397 -83296 67128 -74592 55577 -95317 83251 -77079 80390 -21963 -68132 -69413 -99189 63997 -52814 -9822 31488 -45271 17548 -55215 71423 19766 37067 -14316 56839 -59615 20383 -64559 -75346 8299 49687 -15202 92583 23693 22578 -59055 89177 -90328 60181 -51007 21992 76063 -98841 -28193 -76932 35079 19293 -45384 82382 95435 -57676 -25873 78622 -49724 -55049 -96312 46291 -7915 -64777 -68950 -12706 61521 -40502 1069 83333 94942 -70640
-16328 88693 -91064 -74991 64226 -75721 -56130 -1433 81330 57334 -70439 46373 -41266 -47352 20549 83134 60743 -46885 -90490 -30873 58298 -81077 56099 65744 -99594 31362 -48451 -62850 31135 80840 -74138 -17918 74644 -87003 56822 44877 96095 -65100 -16953 97683 -70925 86658 46810 -37471 19470 96601 -73710 48778 92338 81656 96697 74955 -45117 -77364 58070 87495 90838 -67759 54864 34272 74123 -95956 53354 12841 -623 -67587 -34574 -23853 -74047 -77871 56649 -58578 -28996 74090 19679 -84417 22101 -56584 74786 -40052 -1761 -44788 -17464 49848 -58566 -16935 69664 40184 -50192 70019 -47670 -19827 -73733 -75483 -51534 93887 97472 -59537 81009 -4673
94950 82599 77963 95331 88525 56232 -89013 96408 96724 30669 -8703 75545 97540 -44160 79022 91593 -33727 26486 -84040 71261 -38491 81062 87138 8869 -33047 36293 26333 -32548 -97773 3192 -71441 -53971 -4832 95186 -75617 -66060 -68961 27172 83803 5472 71268 41533 16605 24473 -77981 5412 85838 -94358 -62577 -67703 -61647 86938 42538 -20021 -75200 -86920 12093 72758 -42000 -74530 -79140 -97300 -94859 70128 -96533 -39310 97040 -26558 34953 20839 18378 -84778 -93776 79985 -53677 -52295 -64519 54362 4893 -15404 -69437 -68315 -7816 18170 -62673 -63796 -59111 -7983 95834 -77062 -67682 -60656 78013 3792 -45036 15849 -14013 -6659 -58004 -38565
-64613 -66588 41781 72449 -55448 -2965 53645 67328 92264 42708 90139 -2953 60908 -57842 34848 65248 42530 -77673 -28981 -19936 -95694 -25487 -28188 -284 -23055 -19196 86835 -72669 82863 -19572 27144 70656 -86870 -36492 -6637 -33784 -99807 -36219 10608 -97473 -18023 5849 61871 14781 -23230 57206 23058 -69117 60669 -87942 -51260 -61016 22305 78008 54967 -31651 54217 16403 53435 -17768 -85360 62379 89078 -43967 -37457 39015 -87644 95121 -52077 -87589 70725 97158 -90691 -92909 -85286 15515 15860 38397 -1220 68629 -50620 -11260 -70625 72360 88557 21112 -22310 68406 -17358 -57502 13307 60998 14027 61810 49425 39060 27713 -82393 62769 42496
-2432 57973 -96787 59249 -96676 66548 -86998 -58310 -15234 96940 88207 56648 69371 57510 -11194 92390 -33916 93512 31640 33029 -9290 6793 63918 -5462 -36930 -91934 32093 -32091 33771 20138 3908 -26404 -22627 62575 -16429 30735 -54015 67693 94803 13632 -39699 -99969 56608 66943 14584 33162 -22227 -84986 -63032 93334 -58253 65508 -49445 33013 46488 -30272 -96195 -82955 -33270 70869 46150 95708 -6829 62054 72885 -54273 -41767 46707 84901 41513 -13741 95502 -73243 71088 48579 98488 82578 70849 13207 -6894 -6583 49389 600 22323 44948 20280 -67207 -67082 -31513 -70240 -67055 -42182 -34965 -57089 -4994 99363 -53739 18294 82982 -60529
97014 -55967 73966 8255 -52204 53075 9424 -27505 29604 -25201 53729 -40124 37515 93215 -75175 14504 -11660 -75532 26617 26352 -491 61606 87214 -17635 72633 37264 -92557 21146 84296 27891 -98819 37649 55356 57985 -87541 -3876 45890 91520 72379 -76095 -9516 -91602 58410 -7378 45807 -16533 -71764 -38405 -65442 59550 -93790 79377 -17765 89213 94324 22767 -21057 -6980 -87812 -88450 -17543 55008 -28670 58505 32590 45947 95200 87818 -96066 55787 -9323 16143 8085 38699 21416 54728 8782 63066 61144 54863 58423 53968 79744 97986 25813 -89468 -78247 13241 33910 -62108 86711 -52768 -69371 99404 27840 -8521 18826 25600 7416 -99036
-8202 74624 -46074 -90796 -75640 -26051 70204 -37621 33952 23932 79894 36072 -81755 -64140 -12494 2768 -70129 -76116 82209 57092 -77796 79345 -96710 -10741 78357 -50757 -23264 -16879 17215 -71611 70796 -56950 -83731 -43983 -89267 65167 -33305 84929 14438 -289 63476 -73169 -26007 -10207 -35906 -66602 20629 -9514 46006 21296 58841 72688 65112 -25091 -76575 -16079 91912 -82036 -7712 14940 -23383 6951 80353 -53709 73162 17792 77241 -29438 -69763 67384 37219 66594 20499 -60943 -47057 -50942 21992 79679 -27528 -93555 83255 2212 38694 47522 -32602 -36777 6936 79802 75484 -86413 -91007 -75938 -93315 -85254 61560 -88531 -33402 -29936 -3954 -65167
-42020 91413 32992 30709 67547 -9451 -87794 -40295 19852 -6652 -23485 24204 -17596 -73586 14807 82723 5135 6086 72399 84241 51333 -43939 26915 12259 98814 22555 5012 -53189 10530 -65512 -22861 30022 -2322 41255 49542 15590 3436 -26773 -84410 -3331 -55277 -95247 -27831 58512 31260 16042 94876 39361 -13663 74640 -71918 -99077 41513 94320 -32537 20507 86936 74849 -72582 -71474 81174 -68426 77354 77514 27538 27660 -34735 38848 -29049 -98014 48805 34483 -52204 29141 -5887 48862 -30801 72043 -74809 -95671 -50694 -89023 4197 -33734 67000 -1314 -78076 -52148 -78225 23753 -27129 11681 91003 -11412 28668 35274 85169 -84232 22642 1571
23393 15109 -38339 -51601 64184 -42595 30726 42150 -17318 38912 90767 66010 -96983 -1443 -12156 -78804 58557 49431 -9946 98243 52707 -14423 -58816 -12447 -70278 78851 48195 -73620 30518 -86790 -6661 -51740 35401 74103 -66133 -17918 38018 87779 15694 39510 54682 -14721 25831 40479 89663 -80983 46832 15862 72848 59361 -50037 -96616 -31362 80411 25280 -47125 -63667 29702 62244 -21316 51737 91724 9717 13954 53860 6244 -63357 -88480 18458 -51082 -4466 -48512 76716 -99616 -69065 -54540 -28393 83017 -75162 -70930 -79396 35560 4826 26521 -74969 -31247 14047 50633 89109 35900 -70547 39195 -48742 -27005 99103 80503 -73298 -96934 83971 75534
11728 -57673 -17510 16531 -34933 -27305 18489 -50785 -65503 -75253 65708 81574 98885 -50116 -38386 94430 -39786 21604 -4728 16753 -66750 82569 -37945 1202 -67882 37061 -64946 24533 -15252 55681 -38012 88507 4321 -43248 36037 -99810 66076 -88913 -22184 -62786 53378 -51448 -44705 -1414 -34460 45517 -56698 -66142 70518 -21328 -20691 -33446 -68631 65193 -86200 -57430 98731 -69765 25970 -38538 73272 53237 1985 79325 94695 15200 42442 -86470 71467 52301 6710 79896 61997 -15137 65938 28597 30166 -56211 43025 -82293 92788 -31220 -53482 -36050 -58389 -72467 12986 84189 -27557 -26946 -90620 -1251 97533 -13362 -51584 4441 73859 34098 -43592 -127
-39501 -99850 -55472 47630 30156 31519 -62151 71738 -88129 51158 40165 58060 585 -51555 62083 87779 -26146 72180 -23637 -96443 30366 -90536 -55891 -44328 20764 -63 82685 -67333 64095 -89257 -77110 -93584 89804 -17650 -98768 -68482 27627 -57633 89724 40065 -86716 -40700 8282 81372 44141 13263 97405 -63807 -53886 -34148 -10993 71678 -85037 -97450 67711 -69536 -9039 -66120 -37852 55379 -10911 -62446 -24097 -5065 -60297 74540 28468 15772 24895 -78869 -60794 -12734 -87556 70355 -86564 71320 28987 46920 -35085 -17525 -41718 12498 9504 88266 33338 -12257 42862 -15068 -59034 53919 -57889 92676 -1999 63072 -38950 51442 67266 29445 45471 -45762
28581 -93427 54686 92594 -22090 -22685 76323 65362 57463 39720 89446 -53727 85659 16337 20733 9367 -3115 28851 -48072 -42615 -60214 52500 37666 73040 -57 44343 93146 -63239 41127 83675 -34970 4403 -51771 87879 -92039 -27602 -55387 644 -13222 -41063 -75596 88345 18031 99411 -68060 -47328 24288 -65663 2527 -30742 -10014 -96039 8798 26066 -42711 82154 -85566 21667 93600 56425 36523 3279 79855 10995 3733 34917 13021 -59287 29913 -5789 -97303 47990 -46169 86323 -69983 60419 82563 36171 -86368 -5972 74833 11554 50874 -75250 23396 53431 -91964 4751 -26998 -47548 13264 58244 -32465 68632 5613 -95938 -65292 21868 46436 16513
-44585 -11693 -94301 -73688 -13181 53928 -33912 33649 84054 -87076 -20504 42695 -59423 -84391 19352 19452 58703 24904 -20180 -94538 92784 -66771 -62583 70763 39474 -81167 58258 46592 -24936 66884 55298 -7085 7526 19889 84038 -48694 41306 -4237 57595 -96926 81218 523 45096 -89950 -32479 -53676 14865 -31658 -57532 -5093 -8456 44732 -33511 97664 27094 -7502 -67297 -23870 -20501 73985 16600 49435 -48386 19212 77862 84036 74183 -8535 -20945 28682 66564 21185 -22391 840 70249 71787 -59181 22843 -4240 -41294 36363 22410 68077 62084 -39089 -80875 -93870 -12642 -83927 70581 38135 -15350 13532 57957 -77011 -64775 -61577 -17236 -69145 49245
96106 33409 87738 61475 96503 -60674 -58610 87559 -45231 -7289 59012 24272 18658 -88911 43213 59244 -27376 -48210 -31988 -67641 -88618 87729 -10673 90143 -95296 -21842 66855 24123 45842 16811 -78730 -40410 -79796 68152 5699 98641 -62954 -44624 70970 -2128 -67742 70975 -89327 -11472 4402 70746 -75532 10237 -90008 -70816 13938 -7679 63686 -90191 78595 -54082 64014 23810 41826 72569 -89376 -60341 93615 68018 -62156 24073 9851 -32816 94519 81807 43163 89487 87541 -86663 -82966 28962 -41172 85842 -99740 73362 -54894 -74126 14113 -51390 6883 16027 2400 -21188 35046 -74863 -12862 56925 50486 -24747 -84421 -71243 -75473 72096 36097 51614
-71667 -8093 34294 47381 -37386 -11945 66038 -41673 -37077 -83533 -81487 -84177 98495 -44817 -61520 -12631 68395 75290 38850 -71875 -63276 52830 46768 -28664 -14011 93452 -13849 13166 -99257 56077 -75395 -72067 -50382 41856 59446 -14153 18304 68108 57517 -46481 -44988 18406 -84617 92627 -49746 -52539 17193 -74664 -17150 -38639 51683 -94993 21518 -30569 -86883 -83518 -16723 -97639 -30786 17175 81390 -44966 -91005 -99277 73475 20213 -95927 -19522 78921 57683 -91783 -86446 -1576 -62521 -2082 12278 -61166 -95283 23278 90109 -77881 18706 62088 -63852 19488 66246 26141 53026 23254 -62895 -25566 57506 -26891 -47853 -59099 -26896 -71669 -14395 58403 35743
-63666 -41653 70131 -61363 -21265 82731 -28837 24424 -51498 35674 10833 -93050 -86311 83027 99515 26346 -52772 34368 64905 91338 56992 -11389 -79908 90425 5612 30039 -4303 32532 -21213 -96714 -50552 -73106 88563 -68515 50174 -11728 -80344 -65742 -89673 -68265 -19207 -53230 -6854 -58374 -35241 -31210 76907 22966 -73511 52075 -2887 -42275 -87007 86517 18736 -38053 -670 9126 -32500 -31331 -10456 -68702 72403 57728 63615 -29495 32414 -58721 -29818 29200 58364 -45349 -18729 86278 89738 43873 -44040 51670 81449 -69172 72332 78392 66934 -49022 49171 -27138 44299 -35169 -78009 48241 -5323 39799 -56890 63232 39426 65032 -89731 -21745 -50410 -40654
96764 44013 7232 -10551 -11075 62177 -11127 51879 -83500 63613 59894 62075 75836 -25203 -45004 -31295 91706 29800 -71425 -88323 31435 -78780 15622 20169 40044 10736 -22308 -34382 -40735 -29856 -92656 17859 63454 -7032 -850 29051 -8813 -67103 -94317 69868 -90561 75063 -65623 -61870 80181 22095 24430 94476 -91033 -29736 41358 -88221 11926 -74594 46109 -31473 73446 93262 -72875 12791 94216 98164 -9431 96968 99823 -1857 -72412 -26914 -59555 -84219 -96825 98458 -19639 -88260 -46161 -72355 -37375 -23300 -70911 11687 -68240 76439 99828 95647 60560 -12043 71675 98022 -89497 -82904 64586 75850 11168 -86446 -97223 56047 -35157 99527 -89618 71821
3603 10126 91190 -21093 -9080 -21957 9745 41054 -76699 7474 80008 16317 54855 9252 27125 31918 -51598 -67477 94655 -18793 -26749 -92674 2167 -84009 13031 -79951 -26891 22193 2575 18784 84261 -26629 -43813 -8722 -56027 50607 -93896 14361 -29844 7753 7045 -57267 -74190 -30491 -4917 -67723 8893 63526 -22086 -43628 60178 75520 -70771 -56725 -57790 -57876 95707 -29043 38432 -62111 -28694 -79651 -25345 -3366 58538 51019 62767 -93211 -71207 94997 -38071 -13205 -70603 -25744 -14929 -65794 65896 59684 49194 97601 -30739 56505 -63260 -27175 84033 -91664 26544 51423 42928 36410 -75566 -88909 -2528 54550 -25285 85 19032 6552 -56976 -21048
-72936 -54809 84395 78971 28119 -51336 -11072 -4109 -475 94827 -75122 -5444 56295 -48304 11931 -31583 -8443 -46035 -38918 -71780 -9468 15701 33203 18259 89366 32634 -74057 -14718 71981 -83330 -96045 44116 24290 -54260 71574 -63268 11031 47426 74370 85294 -45096 -16288 -36449 27573 -37047 54277 83770 28866 66413 -8605 51601 66985 -36652 1716 67820 85486 -64294 -12435 -34516 -36640 -52557 -51723 95141 -18439 -3706 -97740 18311 71245 2693 37067 -45672 -44206 -69406 58451 -20198 -49919 -56568 -35284 -15471 91007 29460 -44542 -29610 49322 32867 -9940 -50720 92865 -95044 93692 -54318 67470 57526 17499 34826 28101 -33468 -75472 -6423 28716
-23961 95025 -17647 -46388 72387 78052 98525 77711 34912 18540 6939 67428 67822 25862 89914 -67379 -74330 -85414 -56952 26133 -94441 11464 -30298 48388 9776 -85714 -60272 -41741 -45996 32935 62537 53444 -69586 -26873 -23907 76922 24471 -21545 -6730 -36551 -83261 -48592 -66604 72805 -26122 -90362 30940 -9277 41431 -58493 -693 26453 53254 33737 2194 -90090 -11474 94562 -7491 73343 -82537 -92543 14775 -67063 95819 24544 62640 -72612 91627 38411 -39224 72055 70175 -28540 13774 -33931 -31009 -58816 4343 -12732 37972 7338 -51311 55367 61515 -46122 4712 -57564 94209 -62092 57947 -98333 80302 -44362 -50827 42309 56956 -5540 -18601 -63585
-96584 -22507 -2273 -21419 25446 -84368 39173 -27705 7088 -29507 55423 43285 -86390 37647 10204 -31304 74198 -427 -89974 -77144 -59393 2781 48285 77526 -65246 -3960 3201 -98475 61603 13077 -20678 -51873 -88747 73697 -8695 -4357 42840 59466 -51407 62236 -26135 -36404 -40054 16232 -65128 -52457 61527 -58601 59424 30441 -54739 1266 -29901 93217 58120 40547 67512 -15849 54837 -38383 -67092 -94542 -52757 -92261 -90922 -51477 1445 -60706 -557 21794 -23186 -73374 54717 86438 93194 -41119 53369 93457 -93007 -3183 43667 17791 -44790 27075 -36314 -32036 -58457 10076 -4624 91438 -76242 57862 -46318 -3776 -16209 -15662 8341 64417 5256 -1090
39428 -87360 -19997 13707 91106 21803 -30249 7586 64985 52980 -69939 -41321 76991 73082 -81694 50022 -2025 -74936 -53715 60412 -81776 -83955 -9197 54161 9384 77524 62232 90174 58331 77463 -93401 -56024 17446 -32015 32961 -6726 11531 97487 -88629 -83290 54743 -13978 97862 -4412 -43358 -99561 -66374 -68624 46275 -11196 49866 -28597 81347 -35524 5541 65689 2726 -15097 -8279 77217 21607 -74091 -25737 -60167 25070 -94987 91833 -90005 62160 -53522 63477 36591 13636 -35841 -69230 -60475 -85918 -37125 68267 62990 -55791 -78253 30390 19910 -36037 69706 92625 95547 -80020 -602 -39614 12726 -88890 87300 -3445 -68948 -29048 -86139 -12927 18601
-83719 14942 -65438 -98369 -32423 -76565 -49207 -46913 -20459 56688 -10951 24348 93819 -48576 59374 32574 -78198 -12784 51621 -3891 -66114 -80997 -6662 77870 67411 -44190 16659 96153 -19162 -46516 19274 69040 80783 27462 -9564 45 22497 -48084 -94896 59961 -86897 -54260 64904 76872 -68193 34337 -1330 -91456 66057 98164 39077 3557 -59198 72229 -13964 -62031 11736 -79930 -80788 -72564 -81787 80904 -41556 28321 20594 -51536 -42140 -32983 87842 86859 -82835 -17341 -35021 86740 58233 60545 74120 3470 -35189 -74907 -58658 -74167 56698 88814 33976 -31713 80662 -53195 -69633 -75154 -27629 -6789 29800 -94008 17482 -25933 86499 -90396 -30488 -1785
82402 39512 33339 -3260 56829 -78637 -7204 -87942 -71085 -78895 -1366 62908 29706 -73831 -80128 -27801 -97382 -23328 98197 54001 -95796 -80795 -86054 4513 -72039 10750 46472 66392 80692 -87467 -34983 -26560 17375 -37787 -27668 27624 -51152 -54650 34434 -73295 -13996 -99584 -90085 -25385 -38795 -73579 -83957 25549 93407 -23220 -83350 71289 -19384 40644 -2699 -84462 44503 -65678 -24126 35738 50392 45814 -4467 74517 -33371 94394 -20030 -11637 -20083 6730 -65160 77394 -31658 11889 -69498 8642 -20578 50297 -80162 31285 3138 11051 -7770 94624 -32720 97636 -73989 -93151 2497 94811 7824 66734 58644 -47620 68560 -87845 29332 32937 87714 -50639
-78053 -60358 33112 59369 88282 -6702 -40615 -47331 -96853 -25735 -92222 82895 -6981 85450 -22240 -65285 52902 63863 -53263 7825 87012 74294 -69943 -78947 77129 28213 -17431 -18614 -93136 13664 63842 -49071 -76676 -26015 22448 27702 -27582 56119 48144 -15159 60273 -70314 -21261 -68122 -11482 -46238 62933 82426 -49431 4974 16168 -19619 70032 -40695 17051 -45912 61288 69421 48603 34949 5833 -17797 7592 -22160 -38147 -42792 -51816 -71133 -91488 37976 -78259 -17946 34275 -2259 -95453 -18760 -39638 -44845 94888 92257 -37306 -88316 93568 -98143 58896 -14722 47842 26862 84566 -8855 72594 -81663 -1807 -98856 -99693 73245 9090 98353 82813 11549
90126 7481 -24249 49728 -62646 -9784 -20954 16528 -94499 -64136 78983 -10420 -72204 34695 99613 19384 -30352 99403 37915 25090 -16331 13655 -768 853 85297 84804 52165 74492 67164 46049 -19635 -4323 -76348 82683 3530 65833 18269 -82682 45796 64356 -3640 52965 22543 -2060 -64613 58776 -46588 -82205 -19764 62260 -96835 58368 -65583 50821 -65848 -25703 80380 -70800 19988 -37405 -58884 94467 -46744 23264 39564 94763 -83112 -98594 -57091 -24967 23349 -97200 -83451 -50587 72021 25498 -29781 -5645 -22143 81332 -90492 -18943 54465 -44972 -99549 31399 -61799 -95735 90841 78953 80545 -49187 -25967 34648 96653 -63896 -69412 -35147 78021 41656
-97192 -73055 89587 19384 56165 -49088 47367 21149 71357 69972 -22443 51775 -22466 46559 -28044 -21692 -76933 14735 82920 -84727 4150 45401 34686 65551 -10866 -52102 -52854 -52058 60403 44559 -8213 -84576 -96666 25012 79699 54632 63707 83692 1302 -29677 38845 -32080 -7978 41215 -14547 57293 3583 42171 -6448 -21708 60110 37507 5662 95283 52452 99014 81356 2758 -69708 19778 58878 61231 -52457 -61720 -73318 -9259 -14620 -6526 -35784 -30271 -96207 -24403 38015 91134 -73782 -54713 76987 -80739 -98693 45659 -23482 -91012 -46442 -31994 -31710 -15460 -84837 -56193 -91045 -97161 45265 39650 77025 -94373 35379 -74147 23085 -35409 68738 -18828
-59871 -67785 -63553 22093 -58669 11513 -31973 25498 -49453 60449 86100 72012 -38229 -17261 12530 11704 -23167 18093 -9273 86828 7633 -96870 -96299 -63529 17223 -58681 18077 89499 -68816 11290 -56542 14934 -32352 14968 3151 13613 -38252 11144 42041 -19037 42807 -28450 31444 86136 -22286 -21574 65749 87590 54899 -64262 -92228 -53107 10977 -27993 75219 -66880 52233 -5884 90890 7837 -78181 -31902 -46822 -73021 83899 -41793 76045 54929 -6062 -61164 27832 -67177 -13280 18268 -24106 95545 -23856 91635 81333 152 -14624 -82234 69087 -49648 -39112 16942 86598 54106 -72314 15010 48294 60087 -16698 -85436 17637 -22209 -68017 2966 -907 -29955
-58195 -29772 -69118 -76610 24363 66363 19550 38367 7899 -40399 -68867 -40687 83121 -4935 37479 -59735 -27862 9506 -9178 -40729 -33773 -2466 -26814 -18834 -89344 2122 35016 -91718 -64543 -59200 -39188 80011 55598 15974 25523 -83690 45383 -29395 -95361 -50502 -41595 4399 39930 85268 -50191 67215 57721 -27938 63414 -9216 -59393 62753 47309 -3275 95729 67458 -56796 70302 52921 47876 -50379 -35961 -62164 -57928 17007 -15128 79831 -98807 -66590 83591 -3440 -8411 18137 -8191 -6936 -22457 -34680 -47116 79375 23738 -42938 4813 88258 29234 69011 25573 -60532 -25951 49630 38698 56096 -82819 25405 -39222 -75347 14164 -46459 -70302 58017 -96039
-34177 -8360 79576 46100 29164 88768 -13549 35863 27591 -7737 -64783 75669 -76809 -66198 -90332 -37910 91883 39256 -39705 -56947 -62638 98216 53880 -59363 38818 -91972 -76624 -55956 -38258 -20664 -76880 -95539 24288 -5841 -87231 59793 -87632 -65150 -18650 -36759 56617 -23372 48609 -65365 51873 54363 78209 -95828 64341 51865 -53039 55113 50979 6494 -94687 7397 -18313 66272 47325 -17010 52183 -91020 -28503 72551 10180 25666 -16040 -37817 -85474 -62967 -86623 85508 68075 -27855 -9936 90355 -43957 38497 -83499 -52145 -47232 41748 -59108 92133 -12918 -29124 -42071 57051 -31690 -72747 91855 -5143 37439 49179 -35720 84843 80388 -90614 -25184 -37070
-76151 91687 98263 -53516 56462 -31070 96938 -49422 19523 -43393 85553 -62269 -61315 -56371 -12810 -78090 -37970 33393 -70944 -22339 -63917 -34228 70746 55186 60094 17127 29911 59962 69464 38538 -36498 -19052 76530 -79554 85090 -61254 78487 -86966 3446 -68139 33182 9057 -77748 11054 -63946 89408 -19722 94940 3262 -23906 -16278 -81305 -18200 70789 76223 -68847 -11496 42365 99460 -29633 -52385 -75834 -86300 -74665 48721 -42548 -7029 -51457 -58343 52882 70603 49313 -58729 -85991 97963 83125 -47856 -90668 -22006 -65247 -65624 -64681 -13160 -40995 -42428 94106 -55401 -98430 -62886 -57500 -94873 83782 82585 62411 -75625 -64742 -65592 69797 -84708 42311
-47496 -3020 78035 73616 61181 94363 78060 -27509 56843 -50490 66464 43714 -93066 4792 -53689 -37600 30283 9893 37636 -81635 3403 76484 72855 47773 354 41006 -85882 -82311 77530 -60977 -88998 87527 -790 43470 16469 75708 -59438 2152 -97885 -48933 41269 20894 80396 66421 90144 94822 -32308 85994 -85530 98976 17125 55281 31728 -79417 50088 -15983 -73528 3236 7144 -20619 -18676 32433 -44027 -59974 37226 -10432 -14716 42289 -39985 63213 31621 -15378 -42314 -72481 3660 98413 87798 -2878 97881 -62924 52067 99071 61056 -46729 87941 -81675 92354 -41810 30337 -33501 -28852 31042 -5214 -6061 -58658 50256 80654 -78522 -29129 -62297
12573 22348 39636 -57684 85200 41877 40359 -6194 58667 -60203 -35075 -15153 -11176 99605 -61504 61363 15201 52838 -26430 7958 -19269 -11206 -56237 -9687 78994 99972 14103 -6807 92778 682 -75230 -26071 -9076 -48908 -52667 81799 -27823 -77584 -80804 98548 -49812 -99159 -1975 -40656 97346 35752 -68013 52341 42454 -1928 98449 76446 -766 -73700 72430 48992 30405 -15829 30619 94300 42829 -80162 81198 33358 85783 58906 42428 43518 4506 -80433 74773 50968 -22178 -25476 90663 -65216 89302 -73747 -56720 4429 25672 -33637 -16205 2350 -46345 21778 17006 -35511 -63339 -72110 18011 -84752 43078 77994 90121 15880 -16381 24535 76660 54154
71888 15778 73940 72126 4507 -77074 -70808 55669 40152 -23194 -981 22910 35031 -78694 -47560 64938 73478 25589 13067 -2623 -20805 51920 46428 -64901 75498 -54524 -94056 -83573 -54495 -16892 -17091 69155 75678 973 -64115 -63227 -54580 -19727 46821 84695 4508 35876 -45414 74762 -40558 57400 42911 97546 -7674 -68014 27206 -21864 -70474 39526 -10139 -17408 -83351 -56239 -8727 -86876 30105 -13996 -4216 55159 38060 37807 38637 -17495 61974 68615 44641 -35855 59075 41059 6914 -44546 -45115 -10978 -33840 37382 -35338 -91895 -10094 -70043 -78581 61376 93908 61182 57321 34521 34956 -16400 -83570 -3388 -9286 -28892 -9535 -45020 95226 -64207
-19363 38991 57720 -67364 -72683 -6254 42744 49965 -37314 -19519 -47164 39462 -86206 95411 -64945 80998 23804 -89735 49631 82723 66522 -93386 34472 16780 89864 99096 -92431 -79952 -5829 -21624 -97403 45735 -97016 56698 25088 -57352 87200 3645 -32774 -7328 -29551 -25586 33766 20363 -46225 -43201 62155 -77915 -49346 -98286 25307 -50289 -66129 -48633 90869 31955 24317 59733 -10807 26027 -94717 -94658 -81765 -39533 -46310 37752 -16320 82150 -66516 3524 -58407 -23879 31594 -9152 -81092 24203 49419 9356 -62183 -5523 2227 78794 -64465 -49869 83291 70262 -69420 -38017 -50748 74567 -57344 4185 -75208 60786 69999 -32311 81308 91427 -98210 -71419
-44275 -28688 -73479 -64263 56303 4216 -83579 2801 -64707 25096 2887 -58769 99357 26623 -63683 -79358 -79492 -20904 2866 -70353 -45579 -67632 -87508 -28345 62271 -3100 -4713 93198 -5600 42453 -33198 -99869 -54055 -30460 -95777 80261 -87641 -21566 81184 -27297 48532 -70372 -45704 86472 35102 -68849 48849 60805 97744 -36128 68552 -61377 53081 -91487 23808 -14766 93101 -5340 10306 -88434 10642 -79527 20429 -71963 17590 23060 -44235 61172 -14833 45480 -96787 37544 -55793 -87172 30826 -93171 2231 26704 -80301 -19134 -36898 41858 41293 -83227 64365 62400 -28043 -25338 77469 73492 -26838 59578 16321 32664 -41534 -80142 6290 17524 -100000 -94813
-85121 84854 -72150 -29923 -76535 76751 -35558 -21098 -12404 91903 55211 -75177 -35686 -48526 -44570 -42307 -43060 43286 82922 -79209 -34556 -1289 97879 65187 -19901 -4866 -95027 -93301 29841 61918 81355 -9398 -3238 77394 18695 89584 2982 -58202 42756 13569 -39070 9806 52648 26247 69180 22686 -22780 -97446 47134 2806 -94879 -70731 -85801 8001 95879 6210 -87032 -50537 24260 52416 22207 -27878 79789 79838 41687 2146 -42221 -48395 42264 25170 -37299 -33491 -52581 -68432 34191 -69894 -86067 -12340 32454 89349 -71119 65571 48417 -97991 50756 2979 -43632 -36018 79489 96452 62482 21660 58492 -90544 -14898 75414 94397 -28416 -76203 97073
64994 52539 -7060 -5145 77115 -56124 -95211 45245 59913 36762 -32728 -50172 37847 6380 -79373 -53285 -16879 -92374 67601 -32853 41507 24795 32405 32576 14881 -75937 5915 -34294 -30991 -80597 -65877 -71668 38637 -10656 -98809 403 11731 -83012 -11575 -36381 42639 99566 -99258 2065 51174 -14406 7596 94782 -54333 85658 -78349 24313 -37739 -97647 25007 54399 -32803 -14288 -23954 -28103 -10913 55604 84763 -46968 -14337 -42024 44893 81133 363 -11071 -11388 -6414 -60030 44310 34763 -69834 88814 -27065 81388 22328 -81512 -82439 -86072 -80947 -63843 -42934 75030 38702 -42803 -98523 -90333 -47332 28988 -81586 69877 79900 32465 -4307 -39418 -16394
27241 -62167 11251 -16907 -88462 -257 -27677 12664 45271 51478 -29853 78698 -33996 -68479 -42557 79142 67387 -48765 70139 32215 57030 86434 -83090 -56263 64493 -23780 42754 -85074 27421 -17931 59187 34870 -67817 -32597 75160 50382 -80870 50136 -3317 -64076 56203 30390 8261 26933 -78905 21215 65670 44975 -46892 -60117 67061 32528 29250 -27647 20072 34251 15032 -14225 50128 4962 85276 -91147 31630 67138 -41285 -37639 29637 -15916 -55406 5556 3123 -30218 46998 99604 -40962 -72480 77273 -65198 22518 -28093 -81303 71512 -49728 -36166 -28270 -53174 96608 -72083 5296 -11270 -62643 -34437 39854 97744 17060 97996 -91708 46484 -32975 -22059
-58908 93088 -99310 -19756 57760 81981 -63308 -58300 88951 -26623 -96603 -63085 -9242 -34388 23983 -2461 -84402 -27810 50965 66102 79009 -6523 79199 -17736 -90165 39402 -2871 -23797 73681 -41501 -80659 -40116 27598 82903 30763 -16292 -64391 39597 -44271 59358 96338 -15977 -29061 -71650 39647 -82033 -93947 67378 46025 -18926 32525 -24802 -60247 -14901 -17735 -688 -72125 -8391 -19440 -2037 86086 21002 -55607 -58329 -12787 -59893 -71567 -60471 -41528 -87963 98286 12302 18803 82056 12625 93887 -80938 50718 -77883 -31204 9330 -33564 65688 -23970 72854 -40060 82718 -70948 44555 77633 58613 53564 -67669 -59707 19998 85962 -74116 97887 -29397 32175
61448 46083 34560 -81991 -80765 -34246 8391 -25971 70877 29872 307 1523 53354 4376 -35697 -67900 11223 -73355 -19677 63623 -21298 -11319 -30529 -7144 -67689 37681 4907 70047 90098 64665 -77860 -86155 85657 -51786 -48354 651 -36076 23511 87255 -47226 -27911 -21633 69396 -36549 93977 -11452 -36794 -94532 -76017 -65039 -10124 -11645 78637 -92072 -63055 19418 14421 19180 -85768 -10043 -84616 -65322 51605 33664 -24503 8891 -87382 1915 -64637 77942 -28074 -96851 -55193 30076 -92976 86800 -46740 54641 -58018 -62365 -35319 32818 14687 -61968 -36397 37957 90108 -75029 16507 -61341 77622 -61657 -76768 -31815 22896 34045 -79780 -39570 -52211 38989
80539 -37574 7588 67305 -29485 95203 91658 3922 22759 -39601 31494 95977 76395 4281 -15654 -72819 58434 35335 30483 -7629 -68224 95036 93640 19531 -9809 -76871 93434 69795 12291 88612 59297 -23237 -27679 -44173 -69496 -3185 3042 -38917 42620 32606 32557 -6769 65034 94806 47777 93711 15868 -1817 97643 87792 33050 70666 82071 -25061 -25996 -92414 84948 61603 -26792 -82936 -39647 79854 -77827 -90337 -44517 88019 29100 -22580 -89333 -62825 58043 48909 19176 86174 53106 73182 -89958 -8385 -30290 89297 43094 -46496 81994 -24157 99934 95228 -38077 -77341 -98530 30125 15081 24687 44045 -25296 -86369 444 90327 -44826 92668 -84636
100 89
-71523 -44761 56735 68654 -63783 59743 -43276 -84104 94929 -20759 -68711 95640 -73983 72946 -3825 -10303 -1063 -21242 -20924 -90927 -92162 34952 7250 -25075 20518 -49212 -80328 -46148 -25878 -11270 87490 33248 -37388 46195 -69495 -5557 -15218 -16072 -55602 32212 12942 -32877 89912 16706 -76185 -78389 95994 -82223 -22257 -21284 -25146 73906 -59204 39400 64535 -37667 38698 70167 76207 -54286 -63842 16210 -32278 -14573 -57474 -13360 -89919 -47305 44074 -59791 11445 14849 10033 -33916 -67129 27372 73019 74386 -60170 -24814 -59081 18587 -44219 22993 -4357 55903 88404 -37893 63236
92453 -82735 -20693 25704 44154 98225 35667 41730 -97827 -55520 40536 -44427 13914 -48965 -84490 -74227 45836 95514 36347 -34712 -58181 84211 65401 -20453 -58328 90638 82099 55125 16051 -9559 -25907 37362 -11498 -76949 56704 44018 38388 37796 8702 78165 -69329 -30537 -37334 -29314 -79021 -33363 32265 78994 -70772 26842 95536 55065 71736 98901 51363 -82479 38368 54661 34096 -52258 71266 -66394 59598 45347 73525 -82052 -4537 -60599 -44138 55884 53818 49235 -58253 -76898 -37247 -42332 -57499 43788 -40284 -3204 -37505 -76638 80950 -12377 -30853 -72611 -95650 79075 16453
-21183 -29702 -17247 87553 -6049 29907 15297 18336 -22886 69040 4209 -80697 78156 5400 -72984 41489 75806 -65542 50847 -66255 22529 94473 -38361 -35263 -87900 61961 34082 -13052 11561 -82265 65874 188 -60384 -34982 -59488 -75026 41938 96674 -99448 -39290 -71988 -19814 -46350 -48105 54785 43980 -35779 -24014 -18525 -13788 31522 20611 -83728 -93261 -20134 -36573 -84168 25193 -67226 86606 75989 82232 67229 -82289 69670 61957 22142 12818 19948 -82291 65875 49035 -23676 -70605 35075 11923 33402 7550 -56378 -80205 34190 -1470 90609 -85379 -74385 -73308 42588 88428 46118
-66577 5948 80321 -72160 -73618 -30936 -15035 -74365 -80065 -1756 79600 66849 -26401 -44713 82551 37170 -75208 60788 -37172 92480 -4472 931 25536 32739 33033 -6900 75376 57544 53186 -73591 86989 86044 845 98672 21157 92795 -77047 60299 -62756 -97889 -86272 -1254 51102 47627 41048 66248 -76798 9293 50663 -43090 -50514 71033 4058 61988 -15663 -28975 19052 -32661 77402 -12258 81791 42213 -49410 -39671 4273 -77443 -98078 -75391 15627 -4874 8779 -21437 -68710 -8423 -84208 70542 -66019 -36780 69959 -5524 63661 -51198 -86999 -32328 -44424 -61553 -20546 57960 41983
73453 2174 75229 56875 -11942 -15775 -79769 1696 -69165 -53719 -78231 -63698 -59575 84118 -87405 -94555 682 -43355 90665 -50709 -78308 -65816 67528 -81614 -54641 30069 -35471 -92445 -36783 63348 -80933 -81226 37346 86539 47280 -86391 -23970 -17007 45673 7729 49589 -91376 -52790 -35738 -64055 35472 -82770 90301 1572 18908 -36953 14442 51897 -35279 -22229 -7733 29367 63906 44766 47249 30726 -95561 86237 2554 -86236 11146 40320 -63233 -98085 -40942 -46084 23048 84806 48192 33262 83484 48584 -95020 -14806 39574 36015 -53040 -77626 -23604 32704 -22210 47931 68521 -32527
42548 -69064 69343 -90072 -30004 -52230 -669 -29254 25535 -16533 -3142 44510 41118 -32884 -6148 -76481 -53249 26778 -88365 -38718 25585 -57555 78762 -33043 -39949 67035 44155 -13470 -47683 -85852 82853 -19969 94768 -69927 -86496 -25133 69731 -3003 32532 -60925 38618 57472 -88560 -26276 26454 -27831 50661 -26159 32883 -6785 36477 13559 64057 -55985 14693 -50110 -3535 -56738 -1902 40392 46667 7747 -22914 -42035 20666 19856 -65687 -39332 79646 -66877 -96579 82887 73515 -60138 -95493 51316 59058 24592 -24482 -5492 -64634 11035 51526 -22477 24401 21059 42073 10393 97709
-58740 -74520 -32942 50177 61172 -65719 -87012 76759 -92816 -83108 -51775 33995 -56468 25121 43440 -2338 47850 -46380 -37081 53411 42401 22839 99211 62784 -29680 -31683 61917 -33666 29217 -42797 13118 51690 -28003 50416 20169 -10310 -97991 -97700 -21224 92886 -92210 7321 -47579 -36193 17459 -28697 42073 -31362 -99875 14309 89746 -4473 6614 -61134 76494 17518 -7765 -93404 -35375 -96946 -29143 -55267 46249 -48898 -20241 -58493 17205 80771 15918 -94536 36019 -50647 -81166 27538 -83930 -66377 71271 -25622 37705 -28762 67723 71807 56093 -66374 -96869 -30001 99334 39610 81956
9923 -78258 -44921 -24317 -5090 -52149 -17562 -79214 1134 75305 -429 11436 95986 70469 77444 -33193 -80167 -64184 1872 51265 28967 -43517 -94295 70669 -65182 -49370 -30018 -13670 84696 49460 17897 -25193 54608 42383 -28800 55404 -78 46071 -4452 97095 75572 -59064 86759 8388 -62640 50153 85231 -11632 71219 -30316 96156 87927 -9783 43512 -77535 91860 -97963 58320 -29785 62321 78307 -67217 -25320 -37937 -38706 -47001 1957 16809 -63590 8105 51510 65403 56966 -16340 55631 55847 -2789 8896 -21703 40573 -20800 39670 -19470 12942 -16799 -70638 -42138 -16584 -75894
49370 -68748 83039 16245 -87597 -17541 -95473 -68676 491 -67730 45365 -7459 12302 -96960 -55936 -72099 -75456 64074 27694 52734 85617 -18725 -4172 76317 81169 -31588 -86546 42265 -68789 -78232 -98883 61457 -62073 49730 51311 56657 81852 24979 -83278 31977 23733 8543 5038 22390 -61903 48527 7292 25127 55470 -57197 41555 32846 -56066 -24412 120 62927 38724 1068 66935 -7820 -71201 22775 42030 68367 -95287 21082 -65434 52945 40469 704 73431 -53001 -58804 -81786 -19980 90199 59655 -79632 2084 96727 30310 -62812 -26390 49611 92153 -81001 12767 -40267 -19286
-97927 -76925 -17332 48563 -384 19632 49632 31315 -91554 -87403 -80048 -75633 -40598 40861 95889 -19448 -63231 -13150 28447 -81520 -82701 -49064 -61465 58907 -20921 88310 20885 2461 82101 50351 49701 48208 13443 82352 92769 38699 24682 61849 -41334 -80555 -41300 31296 45404 -59005 59038 -64561 -30576 34083 20344 48280 8765 -43785 77795 -66953 44937 -49680 2086 47518 -27368 -42911 -71852 -48645 52660 25185 46375 -74226 20986 -19002 47358 34888 -37634 -48085 -55456 828 -2742 -4039 83912 -13409 78362 72387 -66748 59239 -80904 68482 30071 -38733 -84482 46573 86536
68784 -25663 -98750 75569 -95687 -30728 -41059 78248 -27742 22330 -6794 17545 49759 -91822 52356 76490 -3355 -32591 64497 82184 -39587 -74664 72928 40358 57730 -72433 22349 -695 74134 -68157 -79548 -89 49090 92830 -44418 -56517 -54717 -64573 90053 -80018 -85663 74684 78408 68913 -31112 98741 11778 -71707 -31965 94470 -92734 -4675 -21091 85395 88472 4327 -40345 -43014 76154 -14492 18730 -22799 47181 -30119 44526 27665 -48538 -7588 80848 -13181 1758 1008 48638 8066 57944 -76817 95503 60131 19622 -4923 90754 30696 -2395 63146 -34904 -13847 68810 22676 -12979
-57713 63339 28161 51731 3022 -68960 -77907 67650 56216 24731 83412 61152 9146 89284 -3044 -31511 -68550 35107 -99387 -20301 -15134 42803 -77908 -95718 -44446 -51611 -59749 -73536 65629 -35505 14262 97121 18434 47900 -83395 67910 -9106 87380 5232 19714 35526 -8471 -46273 67268 81687 -31295 71414 79629 35239 16862 -60161 -24576 -4291 22843 -74114 20260 4835 -68455 -243 -6584 -70625 -53476 -95847 -47710 78524 -15355 -97702 47170 93273 -57050 -12072 -58453 -12757 -37810 -84572 -38098 -82053 -98872 15874 1273 55155 51091 43104 20699 84225 -95753 -47326 -76611 34463
-12958 52038 46295 -92638 90071 67508 -35147 7100 -13982 37959 -6818 61511 -5359 12249 -75313 -79200 81797 9441 -8717 -25830 18420 82461 98694 88258 5010 -38172 23742 -13163 -7829 -46891 -9875 -19396 62008 -95967 -11934 -85896 -77385 25794 87613 87057 -52277 20001 52515 24610 -62378 95488 -55592 71145 -27476 -15042 26040 -8114 -26791 -74244 93316 -29840 -29308 70049 -89369 -1568 -22469 -55759 -22350 -69263 25001 64473 16813 -84301 79240 -74832 21926 53314 40148 80477 71286 -67073 61473 -67675 -628 -16457 6381 -42522 -14831 81520 -49866 27147 -4559 -44172 -25390
-40672 -17872 92348 36930 45711 -36124 -30335 53743 88611 25280 -10238 71497 -59262 21752 37702 -31113 -17113 94528 -5692 -88192 90732 5481 80877 -39160 -35717 68384 67669 -1895 -42229 59657 9494 16261 -61577 -74681 49409 37141 98216 25056 15435 -16715 80401 34609 74124 -61630 27509 28028 -48646 -24148 89023 39614 -22606 -15916 -75155 -63257 3384 -43367 -83547 -6350 -98696 -37969 -41427 30045 40202 81140 65152 -95975 78777 -12696 -57324 21610 89899 21303 851 93969 -1744 60801 99257 -36988 42897 -50488 -54761 -86698 -59317 78866 82890 -77480 26143 78923 -6049
-83541 -28678 77215 72157 -76467 -47408 72601 64944 -61007 -9230 44218 -34347 -83643 96226 97865 51838 37051 -66796 -56546 -83185 -98779 68582 -26366 -39863 -58066 93164 73537 -4600 -46206 44962 -55616 -9820 -57144 1689 22094 78500 -29859 16152 92658 -85528 -67543 -59123 -34959 -21770 46279 -57931 36931 25391 -72934 51083 11147 42037 93161 -93687 92350 29610 -73007 65332 42085 -15755 -23753 12826 -63583 88339 -68512 98781 -884 87915 31878 -31963 41295 -77096 -20048 -80651 83964 -67444 9117 78480 -51932 -98573 -94182 6574 98258 -31357 -52597 51799 68451 76878 47777
-90672 -30794 -68216 -74800 12392 -20387 -20085 -82371 -56546 -26494 13445 28666 -52916 -95739 45221 72490 -57012 27561 22005 31404 -10110 42020 85484 44710 -26948 -17944 32423 -57152 40281 -69984 26352 52702 -66986 -57530 -84129 13876 -82455 94010 -97239 85258 1130 -21470 12370 -85731 19252 -65298 -73021 -2728 -43095 25277 -45761 -8673 -49967 48189 41600 -86353 -83699 -90020 -29522 -85775 -11324 17348 -1119 -8332 -13975 -33053 -69994 -18137 -61884 -14702 -25072 -58479 -35521 -46522 95392 -88517 -27729 -67230 89772 -80481 -6034 53160 -68228 96878 17147 -36503 -43336 -24517 -1477
97126 -56149 -94907 -38233 26721 49002 -13968 75132 49822 -46832 -70344 -72503 32453 54434 35852 61764 -23602 76909 -67340 34749 15372 -71469 44517 -25151 -24774 -97679 -71696 -63758 -43142 -78787 70010 49799 -8222 61404 2515 -28013 5291 83240 46683 -48659 57443 -84182 84590 78121 20961 -62087 82531 94854 45191 36421 -8694 -24742 -13100 30030 -35090 -63819 38913 82914 -61022 -68755 -3382 45524 21376 98743 -26584 -89696 -73307 71667 -60054 78732 17644 47384 -38531 -60084 29790 7021 63254 -74281 8794 56788 -78103 37916 -15356 6480 -85259 -17644 -40639 26584 19036
22106 -75790 -83247 90124 -32555 71687 58625 -83482 97052 31663 -61840 -12065 4069 8613 -96852 48655 -46511 -74661 -72589 -53479 -89627 -17487 -51252 -85419 -13762 89890 -80948 17241 49873 76762 -57883 -72053 -19120 -83778 9694 -87496 -29272 -81248 18584 -10765 73600 -19889 50834 28613 30995 -85179 31867 62693 -32732 -62650 43805 -17659 -92258 94675 -88339 -55012 90412 1959 92266 6032 -60515 67791 -5505 49393 -78897 87780 -12841 -89163 -56759 -31873 76597 -35319 90593 7461 53931 -67213 -33383 10841 -17726 48730 -57033 -30396 -51326 -65414 -36508 81556 97666 -53326 -37379
68239 -49801 -16217 -80005 51763 39313 -4541 92887 -36435 49226 -43413 21178 -36688 -21957 66469 31175 91585 76788 -24540 -5641 74782 -90310 74082 22495 -47281 95401 -705 -50663 -86469 34358 -35925 18040 49467 -87143 16883 -87460 -11907 -46751 -35786 -76133 45181 24259 -22711 -68336 25525 49061 23726 -95558 92882 -37432 60853 54158 -60888 -29214 17816 3835 81234 -88141 58127 18686 85152 95391 -39356 22624 51447 51865 7476 95419 59318 56460 -91005 88447 -70637 -47194 53111 1904 98541 -67512 73683 -20623 -37643 83859 77453 -30372 22973 -56650 -55066 4026 -22292
25978 -40084 16276 -32626 14145 51523 -31457 27958 53543 59983 -8725 -21251 -34107 -9236 3643 13561 -95970 -55201 2900 -80927 82740 -46239 2833 10021 7026 80069 -52832 -28334 -75860 48934 28450 -78259 59773 -53335 -57397 83496 14044 2647 -79223 -86949 1921 -5973 2007 -78958 78571 -14102 -18988 -14311 -35532 50652 -59864 35859 -60543 -98176 -83457 -47227 29532 76668 37737 3380 40904 99621 15589 -140 44803 67544 -30718 -8615 50516 -15454 -39599 27324 77865 14462 65822 -89945 13774 31899 -34610 47895 48293 79108 12338 -72724 -87589 88055 -55704 97206 -77661
88399 95725 -44059 39092 -38539 24118 -86744 46988 94369 66001 -93694 44577 22531 -26381 -15754 -22624 -17306 -69887 56365 68439 -33045 17511 96147 79601 32487 87138 6632 8997 -40519 11969 -18262 -93338 -73955 -1780 -70564 93528 12104 -32052 530 80723 -59731 37331 66344 -20323 89497 48425 -91809 -13925 -54172 51910 98189 -3229 -34825 82676 -64569 -30294 91984 -71478 -26422 46972 -58979 27921 -57046 -32469 98202 -64751 -86391 24896 -81516 22438 -62783 82864 71648 -48512 -40895 19387 798 19858 -5703 -60540 33064 -51596 46415 -15303 6078 57959 63651 -46562 -10785
64189 8990 -27671 25808 11589 45641 94741 62645 54354 -97046 96696 -25786 8685 -1894 -15022 -83514 -68500 -91925 80811 -83318 -91941 53564 44477 -50614 61763 76528 38450 52195 -83655 92405 9855 -7967 -21684 48797 16433 -26124 296 -88906 -87849 -80189 35856 60759 -62353 -19179 -78662 3491 -14749 -6134 45385 18639 55055 69227 -70044 14845 50116 44607 18853 64888 -32973 59204 5590 -51011 22718 69350 -97621 50184 -72969 49806 80840 -18589 18819 50366 -38940 -88676 98471 -29634 19628 -60910 -77083 -41148 -25872 -68928 -33847 -83127 58480 94810 -66058 88468 -28950
-3069 79786 -85866 -36877 -30038 -34241 -88260 4384 17099 -59455 31501 -60601 -3072 -21197 -1977 75505 29336 31644 19093 -76453 6869 92141 9342 -35677 53585 -49402 -49206 -32561 57056 -54343 24180 81521 -12996 20056 43044 -99323 -27610 50451 90763 68726 30604 -28350 7454 -70136 40672 -37824 -88619 -66864 -9669 63570 61505 1213 -38519 993 -4843 65225 -70015 20717 262 32235 31471 76935 83860 31122 -71254 -35030 -38206 22749 63757 -34735 50901 -36182 -29650 7997 -75798 64549 -7386 78275 71871 -15488 -99190 -20632 -29502 -63415 -10952 71043 37740 40604 36644
41853 8208 -9303 -86706 -69560 20655 -57152 -46910 42197 -56126 -89639 -63 -73825 41468 24600 -15770 -8577 71739 14181 72931 25345 6058 -42228 74734 -67552 54606 -38507 23310 -21923 -511 46237 9753 -84891 -56842 84127 -5222 -31382 -36015 -17180 17689 -1218 -59381 -83655 -36263 32404 -68751 94624 69684 91839 64905 -87709 -49743 -33872 8075 21107 99467 75840 -40303 -17995 23891 3180 -89877 -21585 9854 80464 15079 18339 -84738 6887 -30948 -21241 -39399 -86029 -87623 73864 80314 -75474 38815 -56898 -90621 -39694 -4120 87626 -32815 -33642 66415 -93400 66223 -24340
-27253 -32825 62180 -67472 -46640 -47421 -65441 -85995 -36721 50918 -92573 15775 -55510 79224 42592 -22364 -87200 -66298 -46249 -65909 -64699 -65221 -71337 -66574 44098 -79431 -54193 46412 -5299 10035 59879 -50668 12856 81258 57854 -65756 -64936 -29477 -25503 -24736 -90390 -38687 -24170 39063 59841 -88455 -50368 86475 15116 9219 10987 -12319 5418 8564 28182 -85635 29840 -90524 -18910 -26883 62448 49585 -95274 -17394 43950 -46141 35378 -17730 -3471 75979 62638 54654 -74348 38992 -23372 -27513 35827 -47480 -53523 68989 -83030 36293 88158 -7364 -25073 -29806 53390 -55956 74638
-9995 89917 74467 -20791 -18184 -70562 26728 9893 9082 -72299 65142 -88596 -61645 67770 -72756 59257 22983 -57961 -45130 -41712 -50062 -66249 28476 -56341 53553 -58552 -9735 -64790 48018 -64605 48504 -55352 -74721 59386 -14761 -9156 -39052 10723 98727 -62228 21429 72460 95059 95657 -39067 16430 12719 11388 -70170 -89140 -85973 52826 43964 -9922 65583 73827 47050 -9596 14935 -1092 11107 89238 9045 30048 53413 -41537 49884 -96019 23550 4904 -23647 -47837 -8484 41321 -67914 -36243 -23034 -32939 16775 91419 72672 33935 -99604 81745 83792 -13240 -2078 -54818 59098
-3104 -98462 -83443 97722 75530 -81509 -89087 27707 83205 7367 -41320 72353 -78257 45397 1279 -65606 -51712 -28328 90375 -25274 45441 69569 60328 60718 -46048 75429 29757 64074 91378 38420 -32244 -24179 -29018 -61933 -94899 98281 -6621 -45860 77854 -94057 4533 33641 74787 64214 -76169 18177 42838 -98148 44861 -10695 38911 -17483 52577 46454 98497 56261 -48243 -22326 -45002 -50984 18016 10098 -57753 77182 57906 4725 -30412 87418 95948 -75789 23449 -23232 -27119 25035 -73105 42784 77679 -15305 -742 72111 -5049 98428 -34775 -68614 55247 -79093 -5590 -78922 27906
21400 -7945 60063 4948 78296 -87927 57394 -98839 -99898 5527 7093 -50031 38967 -25994 91852 -37768 42112 -49864 -49423 20824 90796 -95705 -58448 -66807 -59275 -48242 73669 89025 -54977 98286 2553 99254 -4209 98125 64571 29246 29494 -62262 -40976 -62908 -17390 59173 -48651 -39546 38044 -25330 -16952 -76220 49252 -30142 -52404 -19354 17149 62572 -84452 -82013 93874 97427 -94128 -26759 -14756 -16188 3155 -65270 -43796 34400 -15816 12908 -40368 56190 -73542 58747 78165 95216 -22922 66930 19955 -23913 -50815 15347 75905 -43361 84510 13819 -16870 15333 53946 -95158 2924
-47311 24933 91719 88993 41200 72347 -44580 -57759 -89575 69329 -41236 71242 -43083 38821 -82099 67408 18962 37444 12833 -95026 -72378 -71202 47917 23479 59819 81377 9173 66526 72667 -19481 -51155 41731 45391 54416 54710 55882 35765 73618 -4272 -72329 -13949 37115 -81144 23096 -4013 81047 53137 96627 88031 96641 -42198 26595 -26970 -56872 45254 12458 -43434 -34712 -69424 -55157 -83050 -51525 -45821 -10933 14957 22419 36188 -11122 -35311 17136 41760 55012 -81559 -12129 -79593 46856 -94317 90861 -3527 39417 -43481 -73960 -38462 -24189 55919 -78941 49486 73490 60470
-79308 -88474 -41 -88371 -69391 -89522 -88330 -72632 57634 18731 -16295 26488 54560 -26471 99284 38006 3755 -35652 -98792 26111 84770 64405 87435 -59328 88968 -79482 79673 76957 24972 4485 -33174 48487 -17134 91985 76896 -6786 -54379 36889 14626 42160 -14860 -46062 -19304 84369 25829 -16504 -59275 91636 -75737 21628 21712 -30409 56390 48659 -10741 8340 -41888 30743 88773 -77422 76187 -26450 40047 98710 96067 -25023 -47679 78270 66909 -1656 -31316 31824 -42670 59009 15790 -63591 15042 20680 -19674 31481 14733 92024 -57537 82886 -72220 -90968 55665 -6190 -558
-96191 -98786 -56289 22950 58165 -14543 -94058 -74941 78330 -43044 -20362 60916 40203 -9467 -63232 18284 -92259 6166 -37426 94412 -91654 -33613 -35421 -36090 27178 24139 -75308 12317 -53183 -46668 8498 27746 45219 -22033 17923 8516 -60555 -16331 -94692 -78726 -63120 89488 -12302 48367 26997 82680 -3243 22510 -68779 55873 83674 -580 68374 85087 60912 -40051 69818 -75295 -72957 -55053 -35297 -77267 -40532 87380 45367 17390 -54593 -83723 -20073 -26682 -17407 -23846 -82640 75991 17317 -20240 749 26314 91948 -69240 48871 -8295 -14334 78627 71684 -94273 12848 -94885 1591
-63940 -48800 60918 -41851 -75779 -95574 29728 57861 -95578 -17089 14308 29023 -13898 4980 -23781 -91763 -24515 48288 -15814 -21226 -57316 -84885 32636 1329 33646 -3527 54836 -80664 65059 -47916 60740 49032 20882 -6792 30904 -53539 64006 -27049 84774 -15926 -61145 55947 79633 -41553 -31100 -23826 8554 -81958 16321 -42559 89258 85756 -90967 -40572 63363 -12077 39509 -35844 -14800 23811 58876 64974 -57436 48299 -88098 -73691 -44226 59641 -75305 66363 -33892 60208 -59956 46881 -62514 -30857 53059 -51188 35048 23219 -21412 -84754 -15545 -22018 -94386 -2325 -99814 71142 80029
94303 -80362 -59111 -24842 76726 5720 83623 -41238 -98108 -81888 -65479 93461 -46998 -24447 89450 22343 -54812 88378 -75967 35624 -1893 8720 50311 -72053 -33576 -51257 80720 54690 -47776 63606 -70919 7473 -54496 -5876 -39029 -91525 -44288 5200 -55374 17335 70698 -6759 -72240 85590 50307 -70675 -76581 -33046 -96550 27414 64254 67530 -51769 -29138 47258 77307 25466 22378 -49382 -71499 -45361 1800 61634 -65749 -99244 90348 95334 -15394 79312 -60843 -47561 92923 -45055 -58149 23814 23969 -55873 20874 21574 74453 -98963 89916 38659 -5116 3751 -92061 -53518 17698 -97710
-3517 64880 -63200 81007 -48528 87906 -77623 -76423 1884 47362 -92076 6217 26053 14331 57649 -70843 2877 85687 -92207 -13174 41628 46273 -59177 93259 -86038 -17568 54102 50514 -35492 99116 94832 73670 -31153 -83783 -67729 81610 -14775 -70669 -59968 90433 97210 39205 -37549 -22848 -78168 -44845 -82927 31808 48384 71789 26185 73116 -77070 -79669 -7622 42538 -19726 94149 98833 39105 90109 74712 -61107 45610 67957 -33940 29589 16522 -72796 -52287 -43999 59579 62979 72993 -91463 23254 71112 -36893 -47579 -44376 3879 8378 45010 54636 34419 2169 61067 69344 40139
-40769 -75526 18035 -28244 -39754 -86052 33211 81744 79616 38822 19385 65145 78013 32895 -52563 -44486 -60909 -8374 76988 4910 -70778 48027 35076 -33322 -74744 75071 83442 -35776 88954 5585 22363 -51579 30512 39394 -50340 -96958 -68471 48031 84649 -19281 -59117 69570 24642 22334 -62745 -34109 14439 -92884 -99137 -81298 87410 69422 1191 -45042 -16010 -87082 84219 -96194 73353 92484 90138 -26801 -5808 -45120 -56236 -44761 90832 -3957 23510 25388 5976 -20822 18002 -2690 -15779 -43233 -47577 -5014 -9201 83485 -20103 50252 -34551 13200 68282 -88152 -65937 94937 -61050
54092 -76529 -65509 -36564 -13517 -61085 -95594 84787 -82284 6216 -77554 -76905 16672 -66454 -5564 -55437 21967 14181 -99931 23411 -42896 -34197 34149 42296 74498 -10573 -31897 -50908 14739 -84487 32424 -18743 12483 35924 38658 -3253 44576 44457 67917 -99851 -26065 -4115 -64306 -32306 -49850 -48524 -58441 58734 -65638 89582 6036 -52509 72144 -6711 24722 -52469 -26741 -60903 31897 47625 -56148 23988 32153 -19633 33430 -95109 98717 -59554 -3638 -30493 -79987 -19342 -80550 69050 -75458 -2107 61619 -60200 18132 12799 -83519 26380 -73895 58135 91206 43262 -59511 -83351 -98630
97865 -51535 75810 70908 20938 -85424 -33349 -88364 79104 -26550 38443 -91936 39398 17320 -25599 67594 64305 -25219 22379 -22455 12138 -97566 97871 89911 79803 38581 -82066 66837 -45530 -98058 19089 -20838 -70229 9303 78005 -64756 75753 -38262 94371 -97850 2989 -41723 11013 32435 -68473 -48143 -86766 98962 96002 8039 -46918 -43273 -86809 42359 -48630 -14221 54270 -32708 -84877 -96883 -52724 -76784 -22456 -71065 14372 -20370 -28054 -18510 74534 -5077 10533 -59679 -76769 -88779 52406 -30495 22634 -79679 24415 33355 35978 -32801 -33439 96877 -89009 -57065 58430 22806 -15585
18013 -67363 88540 25947 66820 -24921 -87952 -1335 -79666 52447 -7610 -88933 30474 1980 -2814 -44551 -94161 -63632 -32493 -15003 -75695 99098 -86904 -78567 -77195 -48370 -80738 -40499 -77489 -90169 2148 86084 52449 -77853 62053 -69002 34449 -21519 17490 -56492 12856 97797 2685 18816 -16072 41593 10452 -80625 -93822 4263 -970 -8303 66019 -54504 -94090 26965 -15473 24733 96856 62237 89310 -88176 -86376 81362 26611 63850 -13896 -95790 -91905 -58436 50186 -88653 3549 11584 32889 17858 -38511 4278 -13244 -21503 20667 75377 -5404 88121 -80335 -16095 -16595 -74117 49358
32008 9337 92922 37758 599 -68198 67172 -49192 -62781 19311 -65920 -48299 -95134 76951 996 -34551 90225 97742 -1550 -8996 11592 95762 72199 -36461 -46155 93128 65935 -70959 41165 43965 91705 93694 -92120 -85275 13146 82619 -20176 -83650 -37844 -63410 -48060 -81578 -96552 12587 -3411 -37248 31621 46932 78586 60656 85012 -87845 -73636 29199 -61356 35335 82236 39612 -85840 56647 -37234 70174 -68341 -91920 -38946 -92654 -9188 -2480 94416 -29918 53849 57650 -61493 -32 -2201 53100 91308 -5821 78685 99012 -86164 37636 44068 -65808 55666 21553 -84636 -95657 -4567
-37600 -67017 -4687 36013 -52518 -55992 -12581 76086 94107 78832 -30841 44220 -26114 -75596 -36681 82592 -2867 -23562 -55171 -69157 24993 62547 21562 25986 -96947 -37625 -64917 -99980 -77297 -73330 -64884 -22285 -1716 -66976 -69174 -22514 42983 -30030 4175 -54647 94470 -91331 -75369 20382 -82679 -88720 -71571 80072 -11191 -51779 -71236 84362 60265 74331 -36419 94262 -98340 35309 -14367 19899 23480 -46449 78909 -17917 -71426 85368 -34826 46389 -44515 -68868 50791 24546 -23254 -55753 9373 -37731 1079 89692 76358 77958 -81092 75700 14345 50986 83911 -33293 6332 -82968 -96026
5034 2879 -42273 -50531 51923 91074 26491 -99210 72947 20477 -27839 -20412 88647 54199 72422 14633 2082 4857 16881 -25667 -16206 -31676 -31164 -52891 -29951 -70241 -97483 88207 4063 -98451 60324 -37557 28861 47276 76778 50465 8912 74445 -16031 -21207 -35633 -85348 76898 9362 39041 95986 71221 -30656 36007 4978 8425 46003 10391 26777 28076 -77729 65866 -17524 -63064 -47702 86450 16245 -21437 32850 34066 58215 58988 14117 -17987 -40250 89415 -26367 -85447 95491 82522 82212 -60721 27011 -98470 -52478 77187 90280 -63899 -82450 -77652 19367 77276 73283 -6774
-92269 -95404 2489 59668 -24123 -16454 16231 -45144 88971 -4835 -9333 -28503 -90443 88298 29945 54814 -56939 -93960 -68953 -96693 -70030 -74702 -5713 27719 44731 235 49462 83565 91483 -82797 64542 -27561 41559 -27957 4665 -68929 -91239 33185 -13969 -27274 3841 83774 -61221 -8761 8816 91727 -16151 75703 -47990 8506 74975 60341 -31346 97215 25795 -41168 -10912 22556 95460 67377 8558 -12158 -79820 22236 21411 68725 89057 -86416 51610 -72261 -62704 -18106 -39690 78970 52713 -77246 -92420 53752 -14314 22217 58657 70233 75196 12391 -60470 92711 -35906 -91251 71725
-32039 3312 -47914 -2306 54134 -59372 -71212 85657 -55061 41867 -81294 88993 -78793 -66718 -49338 63337 -91411 26754 42901 49530 51538 -74131 92262 90245 15112 89774 99011 21727 -15191 -63998 -2127 -65532 77896 -83983 51100 6112 -49928 52870 -44180 80788 51701 50154 -46295 -70515 24831 31645 15366 -4628 -39852 -65500 32042 99978 21545 -86516 83126 -24327 -22327 -15463 -44545 12478 13622 -65631 -24336 14629 15134 14232 -47996 19512 95802 83879 88991 -35284 49296 -96556 -66167 95694 -28754 -79023 83707 -29886 81762 -82788 96812 -17741 -60527 74431 91157 -28932 59493
2038 91345 52084 -88768 -54501 -34460 46479 -11692 -52384 11399 34934 -34927 -64972 -80030 68493 -86478 73931 -53462 -26257 86301 62957 33873 19476 -19662 74217 12354 9925 32641 50102 2896 -17136 -97129 -95694 12196 -98486 78912 32805 -96346 30392 31943 19114 -46681 78782 -61982 24411 89649 66185 98835 -67651 34843 50719 10624 -24172 -20090 -25471 63889 -12089 54055 25251 11526 -13865 -78032 12459 -86907 -59587 -93457 -35282 18172 -20327 59130 91433 -33636 58113 63859 90605 -79571 -8787 -66781 76208 -20640 95930 58302 15082 7783 -14232 20099 -34857 69026 49515
26523 57870 -11745 44923 82531 -38429 64315 -37902 80513 90145 56707 -26525 -53935 -17151 91533 98668 -562 -61422 26482 41088 -36784 -25827 61696 91361 -77038 -39336 7656 -45106 67086 37850 97798 36818 -55584 -93337 -2812 60803 66121 692 49455 62782 -43049 -13126 -68094 39268 14875 -29310 8127 22007 -50614 -7591 -73781 82932 -32145 -32381 31765 -85118 -39773 -8402 -88406 40751 -49663 -52746 51423 83491 -90571 14991 66508 -82505 83912 -22998 -33799 45380 -6519 -42768 86852 -59369 -86076 74385 -96138 -63955 -94708 -87836 -29599 -9288 7553 -58520 38537 -72738 -92802
45700 -91477 -72966 -99433 -37136 79719 -13330 -72424 -10616 18605 -89442 -8376 -41 -41836 57438 -43116 -88441 38466 -48737 -22952 26508 -29870 -5818 -58827 39475 66197 -96094 -97202 -49779 -22453 -46310 -1883 -63803 10663 -65125 64853 -47201 -11259 61109 -71124 -94362 -74511 88504 -47637 26984 9491 -57895 -52208 66119 -12037 -30259 62913 25700 29145 -13457 43495 -50327 -30946 12580 18907 66820 -13693 3716 -79502 70797 42300 -32576 -58129 -6561 -58268 13859 29672 15703 96830 53788 36666 65723 -74109 17456 62564 -49397 33160 22321 25189 63748 -60365 82606 -37221 50038
-64862 2312 49607 -1720 -79232 -36340 -14037 3570 83759 -4435 -75594 -92118 -80251 3524 153 -53242 -59732 -97684 -80891 14456 -82527 19603 -78230 80133 69805 -99698 6706 70123 -35215 -86101 50969 83038 -15585 -7498 -11517 1072 -3239 6974 -43107 57475 43137 -62660 -29677 49621 -79798 5825 -27142 56932 -77978 -4860 99882 98474 -90268 40533 63719 -18858 -38402 -83557 -36743 65453 -92532 79309 -68850 46211 -63752 72203 87764 1452 -24699 512 -86334 31952 -66836 70278 -221 -53418 43117 -84550 84441 11006 -16418 -73847 8448 -19192 -6539 -54207 7984 51153 57142
-97676 64314 -6960 -19592 50940 15304 -15774 15719 78677 -4324 -73510 2626 -57410 33468 7399 87588 87204 1223 -24202 53718 -52744 -24303 -83430 21944 -68297 -25526 -274 90508 -73990 -31122 -98569 -27145 76478 -34273 30543 -3469 76479 -3026 8313 -60344 -93850 69488 -62053 89316 54192 62394 -75483 -89214 -51065 -97129 -14301 -52519 69973 -86007 -46727 -73846 -55868 -20205 -79373 -48258 47669 53555 36254 15490 -28012 -75133 -74420 -7130 -2875 -48845 -40945 35105 60424 -25988 53448 94595 91224 -97643 -78799 -63103 52320 -88789 83124 -87204 83039 -16209 71666 17367 -72516
10725 60760 -27456 64905 -72476 -32691 15021 -39889 -50574 20305 98105 -59458 -27052 82551 15386 -63578 -37022 72422 61568 -18156 6902 -43186 24584 88763 85101 74668 -12916 -5839 6896 -69099 70583 64976 67971 -86796 47501 -2670 -94013 -45051 -43969 -8838 -67313 -51468 -36488 -90291 -34044 -84375 17071 -95371 -63729 25510 12065 -64703 -75048 91860 -58571 -4211 98640 19530 -28368 -89762 25267 -79881 -25669 36877 54947 98526 -86709 -98218 61720 93424 -62430 -66793 70032 -69441 -61360 -60530 82931 84276 10230 -13284 -70254 -38568 79906 72681 95637 49744 -85859 -97773 22705
-569 18391 58425 46449 21631 -64270 88894 95228 10906 -69428 16407 -34097 -2356 -91717 -58418 69755 55597 35682 29805 75653 96530 9599 16732 59804 -53918 -96905 -9884 -71033 18829 -31036 61736 -91693 97250 -11022 80992 66797 -97124 7276 -60384 -24783 -19691 -98190 -73702 33240 481 -99458 40414 -60550 -19312 85722 -45896 17452 -45453 -14402 91960 31110 -40480 -33082 -60324 -64135 -87227 -4471 -56967 29588 -40429 -97318 -12197 -89860 17624 25316 -5546 -9007 86026 -80166 40351 94271 14826 -87610 -39091 16613 4768 -77361 -65341 7633 -43529 35514 -90900 -55573 -82587
21429 90969 -5571 -72013 55469 454 38451 73608 74718 -46054 92861 -9550 -94970 -84884 80162 -91357 92067 -35063 -26844 -9696 -19359 99450 -40923 -8428 -64605 -68652 -29511 -2684 -60948 -146 -89706 -59617 21351 -93717 29613 14848 39248 -11591 -73500 -56112 -45956 80208 63052 14271 -45384 89265 -80011 49026 -7173 13182 33443 22845 -13728 40004 -53055 76239 52018 14072 12312 30683 7814 -16797 73439 38786 -13011 65577 19186 10543 -34810 -44922 289 -97043 92866 -90218 7077 30214 -37609 94324 -44069 -44665 27846 68621 -18026 17421 -10211 53848 -48168 -54308 -67352
-36525 26057 -24897 -24208 -98576 -72757 20920 -6181 -92224 81685 94183 -16473 -44571 39369 -85661 30611 -21988 78770 -12145 40283 33240 54561 34879 85352 -82086 -88629 -80144 -8815 -60522 35620 -95760 -39234 -23313 -67365 78881 -23018 -31626 -67083 -11973 2427 -11513 -74636 55558 40546 35236 -70511 -58704 54592 -94681 -47124 -67724 -54112 -32797 79421 -72762 56118 61491 27434 -34854 -22504 9853 -37296 91454 85734 -73901 70871 -39222 -17125 -84010 7041 32750 -74628 78301 91256 5819 -56703 27991 -92138 27916 -93349 41907 64090 -29037 -70852 -26464 69973 20619 -42630 20797
88294 -1593 -29382 2547 -79984 97338 -87797 -96778 -92946 58518 -45115 17077 35170 -58029 85633 90062 -94543 83722 -90773 -57862 -89117 23923 57302 53774 -15395 -75065 23372 85627 -22227 55262 -62405 45994 -48407 -52466 79130 -11889 8197 -92198 93490 -1087 -19964 54970 64757 74650 -11306 -35514 -77188 -53531 81732 97751 -44838 -74163 40537 -13708 -84250 58193 71706 -83396 97612 -91822 -87910 -35708 98427 -27878 91691 -63388 -15740 -15 -35816 -4498 4790 -30536 87018 37848 19180 10710 -20360 70297 -1028 7640 13220 49436 -44217 47328 -59767 69765 61757 55865 -18400
22180 -46005 99901 38433 -57204 45890 61547 -28659 78440 99542 32197 33910 -82257 -89007 50760 37953 -81452 -20795 -69417 -93078 -88611 -46553 37645 -60208 84436 -93054 -67439 32198 61517 -17421 92022 -67419 40585 22414 50882 91773 -5130 63014 39665 51745 -19517 -65763 -75185 -52802 -35238 19454 -51126 -84325 20021 71596 26353 -8401 -9972 82016 45026 41826 -41491 81658 -78857 99058 88483 -77323 13352 75459 52229 -30265 20938 89226 -19019 -71093 -31106 -81323 21423 58467 93772 45135 15043 15490 -92606 51189 84516 54086 12326 61158 49459 11814 49771 89925 -30017
32820 -21537 25978 75377 -11619 -98852 -59745 43497 -2100 49587 -40539 -84176 -17666 76748 53725 94874 51953 -54051 40086 40201 83625 -59599 -54784 56730 62970 61164 -24664 70657 73107 -83745 59986 -49835 89183 34485 51364 94198 -44566 7622 62357 50758 -75119 -3582 9549 -17341 -73620 -9953 -9061 31592 -48592 -74909 -9364 90759 29076 -40838 11684 8838 68491 33876 43654 -71825 -78832 -36684 -98129 8267 6936 98412 -10909 -61768 -35541 -4624 461 -18437 82871 99682 83613 -67072 60199 -58774 -85331 24520 -60632 49070 33454 -30802 40010 87285 -91209 13971 -68206
-28837 35605 74459 -51318 81515 -72642 18194 11466 36680 -7274 41995 310 -57519 -77940 66203 96617 -91305 -43142 31747 -45344 -48493 32770 1134 -32095 -80246 -46799 9718 65401 17856 73807 1872 -96701 -52150 49398 62284 16556 91675 -5258 62359 72993 10857 -90616 98675 -34636 81004 15128 -28840 19219 -61883 3697 2433 7796 -32267 51516 -87123 -12037 -34405 -92605 -90128 -53405 -970 86395 -31382 -22377 86254 11628 -22979 -89001 56303 -79427 94826 -79513 -35739 17969 37569 73041 3797 97278 -47885 57400 43773 89367 9002 55802 98437 56210 52570 67267 10613
39886 79056 -49759 10333 -18921 32186 -83471 -38931 77432 14209 55560 -54574 -56025 20045 36368 17974 -35652 70201 97323 7031 18564 -92311 88507 35834 -31139 88656 75857 -85205 -33998 -40710 -55502 -40031 7033 41736 23967 10727 3551 -46422 54342 53614 -42324 -88745 -76701 -57326 -4605 -4182 -6103 25728 -50517 -75231 -60506 -34399 -86478 -26852 43501 35009 -69756 39587 -42417 67072 29849 69032 84684 96108 -10283 -61695 13711 -42927 41720 -72774 50279 -59853 -37240 -73210 -16398 52286 -97517 -88934 -43031 46120 -15536 10004 21520 90710 -44544 -99582 29077 69032 -21482
95211 29432 48272 -44712 3719 -88561 21072 -21026 38148 -40334 77531 92349 -76526 73848 25843 74959 51696 -27690 25643 17774 60601 -19123 73401 2979 29870 92307 10089 -94089 36288 95876 -63887 -41899 -89961 -29406 24222 -75212 -58632 -86727 -36830 -18871 91367 6714 46677 20257 82496 52900 -14293 -28907 79363 37713 -91314 -68647 68113 69418 7893 -42422 -78028 -64863 67632 91405 -27581 97942 95933 -25969 55711 5047 74568 -52989 -42631 -74385 51761 550 99320 74942 -39866 75411 88393 55932 -7341 77793 -93093 8992 18504 -92494 -52039 72980 25234 50992 95086
-18496 -15790 52840 -2195 -36477 90184 -67232 -55491 -71139 33572 -81858 -51106 28513 -30758 -81654 35336 79111 -17549 49779 -89916 16974 -67444 -41907 98578 -48969 -95924 -25327 67775 94898 10509 -6215 -69994 -44254 7453 -75208 11736 10488 81729 27194 55352 22490 7311 -86665 65056 13272 -78180 -65485 9591 -44525 -83500 -40478 -34116 -44374 -36083 -52402 45196 63079 10481 45906 -29184 -52946 40198 -91095 30458 28229 37867 -50956 -96008 78734 90072 -7264 39353 -35626 24567 -40517 -37789 74288 58713 81517 -76465 -78146 35021 -35388 99908 -56855 75006 -20076 -13836 61608
59050 66478 -97916 -14178 -86832 93180 -97122 -46994 -53565 -28710 -97884 66969 41614 22447 7647 59482 -77341 92809 -40922 67043 -14262 -42247 -97701 4867 -16110 -30787 -17146 -71686 -18473 -29665 75853 -77671 -73749 25483 29804 66293 31663 95477 53883 -96258 82544 46561 -19581 -61820 -27079 68472 57561 -30746 -37257 91040 69096 -10354 -28822 -44365 89752 -53180 -8708 91016 -35942 55330 79797 83025 81592 89667 -66108 14811 -18443 -72944 -49899 57645 49181 76729 99160 3130 -95144 68346 91773 89352 -930 -97022 -17748 10784 45928 16987 90098 -71779 38939 8648 23413
-17584 -92040 -84884 94429 66495 4874 -17528 -52638 63913 -10844 33485 18085 58069 50216 67631 67116 -65720 94287 -78048 68926 -77713 63072 1898 81806 34145 -72046 -28811 -43164 -13918 -39988 -98978 -13460 87381 86771 -60439 -7963 41225 47785 52487 -61100 -85579 -9656 26073 17464 94565 63193 -1125 -52379 13049 34711 -82854 61029 64837 16214 89488 35405 -37985 72626 13550 83284 41852 20272 -41065 -13719 -84666 32065 -79619 18117 -18429 -34524 -72500 94498 -15693 93912 -71960 67599 80621 24600 59464 -88086 54438 -1409 22399 58242 74700 53697 -81046 59964 -76236
53303 -60119 -34365 64542 -28551 99510 -62342 69103 60696 99572 -52855 -11800 61269 6675 -24883 -67031 -54374 90203 78084 -46065 -28378 35176 40011 -80497 98645 -38544 -80463 55703 -93853 -2191 -59058 54784 52501 -39586 18948 -25627 -35061 -78284 21283 18804 -22842 61871 10398 -74883 -54317 94013 -12528 -7554 72793 95272 81488 -72153 81132 -14571 -55995 -54527 -34599 -85771 -35696 66199 67458 -14929 78590 -81915 65691 -65431 -74336 60431 17582 76283 27862 -66758 -7508 77113 -43967 -17912 -51895 18975 91278 -34265 -53640 -27622 20598 -19399 51096 -39126 8857 21942 64380
37047 -6435 -77208 -41077 -32533 -85577 31975 -90706 -39520 32115 -40008 -2624 20226 -78696 81935 -85622 13857 -43795 -6241 -84150 15747 6895 -36774 55072 -71079 -92088 -24488 -14628 -47599 45206 64786 35693 33396 76454 50356 37045 -57274 71527 -99876 -76332 6262 -96613 -34838 -79091 -22235 96710 -60242 -3480 -11366 7961 40453 29787 -51277 11779 -93560 -38607 -87679 42365 12113 -54169 44998 -88496 44494 85230 -50396 -97221 46995 54235 -35991 65949 52604 -31993 -58635 15990 -63742 60992 -16479 76910 -42415 43376 16990 98093 8500 14649 71581 3117 72899 28251 29443
-56099 -97115 -90326 -4284 -17355 -6869 -47829 -35731 -64916 -30883 -17176 -3755 -45315 -53674 -40583 -28253 51745 -33221 -16037 50019 59215 29122 14028 -17392 -62915 57992 -43049 -92108 37842 -19781 31273 -46975 17374 1421 47432 85502 5745 -48390 48216 -22702 -60645 -45042 -19177 -93450 -61681 -57473 53990 17503 37870 -53627 16067 28060 47745 -3098 -13226 -69793 93297 -49996 87582 8195 35167 -82514 -94188 -43666 -43378 -76441 86261 -21098 -87506 -63336 -17498 66911 -16215 -72919 35613 22402 -73234 53712 -61241 84611 -37283 -69758 -5540 -13667 -89074 24202 78783 -4252 -3529
16263 -44652 -33469 92038 -72685 71445 -72460 -59301 62703 -29724 33779 27055 96317 7911 -48249 65090 -28896 -5056 -3121 79972 56587 -56803 49797 73462 -35391 -76463 -59175 40101 52020 -47647 1546 -68521 79643 -56912 -20356 -93314 -70795 -86811 -73267 96634 -15190 -60882 -53125 -27931 -83239 -57988 -57821 85232 -71018 -73790 -8331 10758 92224 37926 -45969 -63990 -27363 -28880 -63774 51748 8631 -24148 70716 -86296 -7363 -75729 -79498 17535 51327 -92248 -70991 19171 -13097 51809 -48979 7212 -73374 -13869 72653 30475 -4832 56945 -1491 67130 60128 -45615 64775 -45804 -57506
-71108 78944 61368 -44184 9356 91217 22784 28361 -55637 -56676 42753 88565 -52098 82144 -70806 98670 29254 75351 -53091 89807 -91353 -30123 -65234 -11665 18601 61671 18208 91263 51508 -72159 -919 -43466 50824 36171 -48307 17687 54366 -33694 -62742 5873 -33538 12534 -44156 73541 -28877 -60400 -93052 -29965 -92530 38775 -80991 -16165 60600 69292 -54632 -14606 41426 -29892 10082 -39947 -16363 98054 -95699 26771 48482 50754 74031 -14267 12385 -43154 5290 65057 70368 -48127 39423 79336 90482 50010 67159 26624 83602 35969 84159 -2324 -9514 58222 20093 78386 35479
84662 196 92601 -8396 -29684 -11797 83003 -64056 -4923 -14457 -92911 -25598 -27773 22392 -32672 -46201 -66797 49664 97096 -76359 -85414 -74507 -36559 -59965 91607 79012 -49382 54766 -6871 99811 -17864 -17981 -87082 -73123 70252 -3141 55024 6575 69523 -38261 -34190 -45274 -2807 -70380 -45453 29451 9722 -71329 -17322 -20912 14278 -96912 69248 -19884 -39435 31924 28553 -80204 54799 -39877 -20087 -54526 50758 -12052 -1768 -20229 -59625 90410 41621 -59921 -29106 -89385 -99778 -73173 71987 -25582 57857 66106 -67030 -7900 -30978 -40091 -80773 23236 95309 -16030 47118 -39246 -86871
-55709 19904 -78045 40061 -33453 69833 8370 82984 -53406 -42102 34711 93943 87955 22142 58277 -89361 16143 -88540 69418 77235 -72096 53961 -42855 -75437 86762 69001 27552 90446 45559 -2185 -72336 -21849 -31755 75357 53699 -4000 -35999 11177 -70944 332 79909 14424 -65394 61944 42550 40670 79282 -31278 3278 -84160 -66672 -50146 1131 52863 -95069 -99313 -86451 11860 -49 42168 -2033 2676 73204 69064 -34080 -87067 -57592 28326 -14896 10975 62033 669 55943 -19148 -23444 -73796 -41854 -74928 -18318 47658 87918 -75269 -34537 35126 -30037 -44374 18275 14651 89255
53671 20950 17714 9166 -44878 -47405 -39867 5040 -67921 37912 -18333 -73029 47848 -68586 -5253 -6158 -23812 11094 76683 -36347 79130 31689 42664 73362 24572 31721 75479 -58499 -15296 51450 -71202 91520 -40479 -61626 78658 32940 35619 20309 -41693 69544 41817 45668 93464 -37426 -71927 -68 -14306 -49115 -18752 -58052 -199 -43046 93304 -15983 37193 -9468 -59892 -73296 -20532 43620 -52654 39933 18358 34825 -39774 44040 69345 62455 -16531 18639 36023 -96421 -63903 -7378 71562 65386 62682 1390 67840 11851 -79420 -72372 -91477 -23784 -91362 -14740 36290 -19653 -52498
-67653 54724 62925 -55735 -10742 -41987 3117 32498 -40586 -67608 -97202 34787 94580 78933 -26656 73252 96112 -92121 17877 -38701 -40404 73594 96438 -5457 16733 -88549 -29661 -49233 98434 11231 40143 -7057 30606 -32946 51721 -61969 -92410 95631 35275 -61245 -73939 53419 -35640 77995 -27963 84545 -49582 72517 56532 61837 77822 -52989 42215 -62741 20419 -85114 -68796 -50538 -74300 868 -43443 79045 -17718 -45862 32875 -38795 -79436 32426 -72398 -78241 92916 -61151 66790 -10913 -89799 -62501 -58892 -81264 29135 42676 2154 12200 21377 -51196 42947 71149 -3262 56124 46769
-35673 -50835 -40380 -85754 34446 49266 67336 17174 -63747 23615 53120 64984 -41882 49925 -42520 -43538 66423 64562 -95823 -79818 61029 -16809 -72991 -97589 -57314 2942 81613 -10240 -72144 6087 -2972 -53158 78428 236 -31592 -24916 53821 32693 -8546 -87529 -99477 745 -25104 2039 3053 -83804 -9710 39214 98708 -64237 -20821 39713 -87207 -36752 56548 49979 -49260 -67355 -76 -31024 -98699 -81398 72166 46499 -94588 -56359 -5419 -14767 37552 -6834 -45588 77281 66159 46744 51092 49460 69280 -46559 -39072 92408 34958 23513 -70266 97207 27850 17531 -31251 39114 94967
-74040 57473 -44058 61725 17617 10959 72076 21094 -61272 -766 72819 66933 7321 -61798 -82990 -35748 -59632 46487 -33913 -2285 22847 -71394 69648 -31323 -86450 -67229 60733 73984 -26094 -61668 -11180 -32224 -99325 -95976 -32728 40819 81063 -80430 58412 -50648 -31666 -91699 19533 12204 77507 66825 40313 79779 58827 29848 -33087 -71138 -25993 -22040 -6442 203 -78389 77692 90380 -96098 81882 9011 41863 62888 62245 -5321 95094 -15500 -12040 -11549 70850 -94020 -51191 -3740 -65096 63941 -47199 -3354 -63066 -66706 -42120 -12320 16847 -75716 -89101 -80708 -28982 -77778 -96764
81918 58696 35023 -25559 -4547 48480 -56865 -84476 -71232 31796 -29196 -27047 20759 -59596 -96018 -50980 75983 41141 -74971 -81626 -20637 -1060 -52770 -56325 4676 98277 -53858 -82356 -43041 68209 83681 14409 89181 -41948 88705 -6787 80849 -9729 -36458 -79512 90615 -93990 -23918 -99221 -30999 -46817 -52511 -69435 40853 11737 14447 -76311 52573 -27682 -85403 -59359 -916 -83471 -13291 -92788 49813 -13737 8739 62405 -20442 -49306 -75578 -77664 18758 -7221 58123 -95171 -94791 -35532 -3738 17582 36737 -63351 28636 -87992 -49261 70847 32829 -39458 -37314 11261 82010 -71175 -62638
47908 -54720 64357 26735 -47075 -32037 92856 94086 -3561 23909 -92519 -79395 -93809 -98401 40545 29090 -96255 -54388 34120 75866 13524 68078 -18915 83096 84286 3046 67866 8104 -81144 -38848 -25879 16556 53450 89221 71241 7520 11894 38608 -82471 84450 -85081 17857 -1967 49051 -32713 -86472 -53195 -78202 -26667 55156 -23545 14566 96002 84701 -65165 26793 30670 87564 -79907 -55803 51622 21044 -56674 -95683 32936 -76531 11144 83811 -22446 78133 -72940 -2091 -33571 -82607 -92842 -46772 56159 -64351 63491 -79882 2253 13203 26461 -7405 -2654 -17317 53129 -49136 67961
-88868 -45544 -98408 -88116 -46118 64005 -7196 53315 98234 -10242 47918 -23501 -22494 -69289 56646 -1782 -87526 61140 -52974 89809 -69837 48715 89732 -35984 50631 56969 71644 -41621 70446 94957 -80885 -61370 23981 -1400 4717 3330 94913 -56885 -53060 18621 -62875 -3852 -39208 67380 77961 662 -21956 70750 -22036 -73041 -62806 -50374 51659 55117 -45563 79492 -73420 -43752 46794 63949 -48883 -78285 -74906 -21417 1601 -53424 23700 18965 -90006 -73326 -85617 -38412 61410 68679 -94017 -54634 -69097 93219 11711 54802 13849 -40839 -74121 -45547 -73907 -96516 91409 3136 5820
-78351 -53632 60571 -51928 31035 127 50383 -86897 -70581 50630 -55453 45231 -59458 84477 15793 -62688 92432 61365 -68478 18321 77234 23556 -30306 -24119 73096 -27502 34544 59356 70263 -40504 78281 -36895 7497 -54665 -36219 -5570 -16635 97212 40192 12331 51101 -32532 -43107 -37117 -39221 -65550 35144 -24229 58141 62518 30584 -48191 -57021 82570 8173 93890 24969 46431 51586 66893 -90261 83916 -35309 47490 43336 95295 5948 17437 -82209 78084 -25553 -80583 -81015 -77477 -22517 -38532 -11706 49749 86119 84868 -55338 91057 38214 -49729 -26486 84575 48542 -99051 -58755
44468 -68191 31451 97263 23965 -77075 -9034 89847 -28643 -51496 -42649 92615 -32199 27373 39257 84381 -13069 -30662 58762 96640 72483 46456 -75203 -17869 -91776 -17395 -31193 -8546 53010 -25235 -74787 23323 -90370 46888 83063 -46987 -11437 -45964 50682 45612 -29605 78397 -97426 -95459 46824 -89568 89223 -87133 36809 19858 -30576 90757 -54876 -72259 11476 -83402 29519 61105 90999 7423 -17976 -45257 -79699 24094 -50221 -63 49190 -83590 -83188 962 72638 -34888 20722 -81172 95119 82647 56942 -35207 1386 -33866 42998 44675 55366 55637 15023 83399 -10747 -41260 -47476
-23868 -73883 -61026 -44865 -20554 -9644 83 -36772 77789 45675 65205 39223 82405 24338 30168 -55057 -81606 47747 -25954 60479 -3994 89380 -5093 33867 -73319 83642 30569 26850 55950 -75864 -60996 91722 -99451 13312 -6100 -67706 66371 91967 -80504 -39434 -97631 -82804 -59471 60967 68466 -45848 20543 278 -17709 -34588 -14717 84462 13150 88375 -97490 27105 65605 48313 34686 33475 71006 -65323 61594 13966 5682 -40460 -83838 -31337 67079 -49349 27075 44112 -93641 46169 53909 68907 -66600 17841 -72913 81259 -75584 -35800 71430 67958 57554 65427 -61843 -14539 30571
-77505 -12368 82350 -64427 6464 86217 -19023 64769 -19010 92373 -60039 -66355 -85049 -48506 -81524 90263 17515 47599 51999 -78208 -61514 -63961 -99419 -27564 -76916 -24852 10477 36882 85605 -71343 -98051 -24638 97070 -78802 71144 46030 -6543 -81538 -58707 41110 5453 -99815 40700 -90126 87634 -59277 -99711 45735 5777 43541 -22382 -11154 -95241 -48150 35986 -75330 -87604 -96920 52829 79523 -72965 65534 -65820 1795 86752 -68616 -89606 46396 17624 -70255 -84571 19667 -15001 -85189 42543 -62371 -20159 47830 -99786 -51912 -51198 -50136 67116 -72980 6799 48008 -30521 64687 -12748
58035 -60553 -38846 -82613 70025 42360 -67931 21232 -78776 -31978 -60703 63324 -90086 74765 41147 49696 34218 61074 51645 -27043 -71370 -84579 -96738 38362 23764 -21352 -49653 -83824 44044 -99794 -36267 6568 -83604 -3293 2345 -547 -81760 -57406 34982 51210 -97167 82044 16837 17903 11101 -42863 -27209 -6237 95752 -58650 56582 -93859 -71919 68059 -4306 -59813 -96087 -95659 -67819 48615 30734 -28145 98635 -92395 -24846 -19696 93740 77421 96099 -77094 -54080 48083 -9899 -56739 47435 -96426 4250 92064 -12318 92805 11933 7597 -1052 -18801 53931 -62505 63286 -44332 -97748
67647 63678 26854 90512 24054 12186 69213 19605 37210 -18562 -32604 -37290 -3371 -91863 85330 -40691 82040 36304 79771 -21031 -18002 -70901 -43556 33230 -66976 28649 -62094 22379 -67170 32415 -87642 43975 -70626 16241 57089 -54576 -27331 27957 -81705 78138 -570 -44613 -18768 59745 -47331 52954 -56292 60834 -59981 77238 -92510 -95515 56173 -32376 12479 -18803 -93616 -1638 -42518 -24862 -30981 43716 71844 -98656 39885 -48003 -45147 -21840 65587 -82674 -16833 50075 16257 -4910 88761 -95432 58134 -33097 94453 4220 50492 -19254 -46197 50719 83339 53056 -31762 -93305 25708
-62233 -89757 -46115 -65763 37275 -97608 -95942 34764 -10202 -56725 40237 73279 70996 -95366 13422 -56371 36870 12428 26509 26173 -50163 -20364 -9197 32911 68278 -18232 50754 63081 -9671 -64349 -51858 -99384 94053 -15284 -27692 58159 13334 83908 34412 33861 -5065 60446 -78347 39382 -90057 12357 91329 -66803 88738 -12813 50625 -47808 -24505 99004 -97031 -763 44307 -92338 74928 -94505 72108 -77241 68630 -36220 40584 78937 -53851 -89036 -34529 -25009 20845 -18668 -67600 11778 -63287 -63094 -7443 -87370 -19002 -62057 -26282 -63384 -55106 24802 84759 -61427 69174 -26225 66507
80771 26903 48248 35365 -45846 59600 -54384 96264 -24624 -7210 -40899 52163 66888 -27828 24858 -65280 22724 84004 47358 10190 -87875 -72953 -26045 -8863 -47340 85030 -82837 -71569 -22107 -44822 69611 -7284 -58213 75924 -6092 -71184 41105 77598 75044 50815 -16496 -96867 -34294 51074 64168 13264 40773 -97363 -80363 -54150 -85780 81795 43867 -72402 13673 71853 81616 75750 60488 53035 43542 42603 94514 -51478 -78702 -95846 23870 -40296 -55527 -63516 83821 19824 64551 -94517 87171 -45887 11375 19932 -56621 -982 4051 -21690 -26056 26409 81397 -38368 -60377 5082 7439
67744 -48445 20844 14356 -9628 47511 61658 -3909 1375 -92360 -96209 74072 -61655 1721 -39300 71974 7111 66701 -42736 98149 78587 73508 -26672 43803 16920 48294 85987 -21208 -52058 -92971 -92630 73126 67699 29644 16767 -87213 -65783 -9500 31781 36539 45757 57664 -47855 -57865 3048 24499 -86073 -32605 -23058 51080 34146 -98257 98536 19376 -54772 71347 14836 -72055 57280 77891 37844 82147 93960 -16588 86911 27629 -10434 49052 -71371 -7614 22784 69582 -85558 80972 -3513 -39106 -35569 -67109 -58813 -93795 56949 -82789 53856 19890 67437 -73905 56925 -59080 -57811
50857 5668 -90848 -9836 -45435 -65802 25318 66822 22389 8982 -75214 -94503 -19721 -14353 -17650 90912 70046 -40279 -51033 61758 -28255 -12692 -25881 46219 9843 63585 -95842 82613 7354 -5292 15506 20461 -37097 53657 -8122 -44701 28183 39670 -79080 -24215 95087 -57588 44561 -80448 72038 -29457 79366 21517 -85049 -5400 25236 -34550 54425 2166 -75704 97492 -66854 64164 -87494 36482 -89114 77449 -70183 -62929 17679 -15196 -71202 25879 -33848 -78543 -59828 -50039 81660 -48184 9177 45031 6010 44138 17833 89813 -17417 40627 58922 -683 30457 -53722 -65414 69362 -27369
-55144 -85616 -53007 -69566 -7423 60397 -49798 -85027 -34175 -63651 -25720 -64223 -5324 -32927 -28211 -59134 43661 -90443 -61590 78190 -41541 9446 -40528 5789 -94092 34079 27623 -69695 52519 52235 38041 -80575 -21015 15844 8544 57776 -92750 -20303 -42565 2263 22971 -91652 9106 -77620 -36640 -85010 21964 28413 -74648 -26010 -83033 -94173 -41958 52255 58313 63052 -49789 39076 -11190 -29532 20149 9825 95287 18233 -34492 57188 26929 -32878 -87478 95392 93616 94501 -2892 4554 90547 54029 42795 -40806 -60061 6873 24186 -32792 -53748 84562 75622 71900 34064 -76130 -77917
5498 71205 27640 60437 66977 83651 41251 98969 -75379 65266 -65423 -76172 29320 94620 58675 -74697 25103 -79840 -99397 -22645 7207 -57121 10700 -27840 81649 75241 51081 -92741 13509 -60163 2013 24597 -50790 -14041 -57521 -19386 -94293 -92503 40928 -19588 -95227 43927 58768 -43425 82571 -70058 -99833 81097 69621 -81569 32624 -25666 -6545 35511 82747 3064 -12086 41560 -39169 -30997 -92485 66611 -28553 41300 -77263 58212 -88671 65477 -31823 -26030 44584 -59243 -11749 39544 17287 13527 97684 68803 31208 65049 -75633 1774 -37368 13739 92959 49506 -25439 95785 -21705
-77296 50331 -37091 -6448 79455 -16752 -54079 -34227 -85148 59619 -17124 91733 93423 -64293 -49577 97885 56293 75424 -77643 -55722 19322 -88010 97038 -5991 27039 8 -64904 13530 33139 93577 -3418 45586 -35076 -99602 54715 88946 -19057 22577 66607 63151 41622 -5015 -75442 -34235 -39953 29659 -48626 -47465 77727 89915 39581 12202 -28586 -40182 7109 87133 -75597 84276 -3060 8519 -3696 96648 60934 -77777 -24884 -45968 -86061 -40209 -83506 -19331 -26179 -92062 64564 -14956 45463 -27129 -63378 33869 -73973 62554 -45317 76285 76571 79410 16625 -61160 -38828 73708 -1069
-30175 37789 -18811 44603 -53621 28734 -54016 41166 10012 51188 -35744 -26298 -83310 -66382 99738 62784 98611 -7778 89063 -17031 86612 -2633 13674 38065 85960 -58744 97508 54722 -30934 76281 -86673 69597 -52804 79261 89050 12422 -49629 1789 66224 -62272 5990 52700 -80666 -52994 -59542 44606 -44792 -55422 90264 93629 -40912 -43931 -19553 -87052 11532 51951 86126 -61553 19362 -38794 -10702 60551 -29753 93709 24849 79013 -31960 -32365 78545 64042 -49185 59571 -43153 48891 66193 -28756 34580 -21332 60273 -56246 71528 83569 -95148 17600 27958 51900 92697 -96758 9176
50510 61621 9559 53916 -10369 -93309 -33615 -42163 72630 66304 -97073 -73162 -59960 22901 72833 22339 94338 -12831 -32386 2430 13686 -53487 76684 19929 14268 -26103 28050 1765 40611 -20178 -34670 -52701 27482 21108 -79223 -91039 25604 -91756 -63812 -71645 -98034 69938 -87220 77793 27815 32273 -24550 -78263 -5988 10852 -17950 -44123 16519 -64446 -7956 -9722 -15290 -24545 -71982 61753 75906 85946 -18004 85284 18719 15108 -43258 65686 -73460 76818 -95351 -1410 -86091 51244 -94200 -13520 -37566 -50334 89402 16962 -88269 -51154 -99431 31096 -24133 55702 3671 -99839 -92415
-76517 14445 71939 67875 93928 -13889 1101 86824 59756 11460 16440 68493 -28815 36962 -19899 -589 56157 54434 -75514 6642 6432 33138 26821 71778 -58996 -84025 85968 66743 9534 -61788 63949 -36250 65913 45599 49093 8452 -58538 -29245 57619 92769 6771 89368 44417 19717 4566 12282 -99129 -71754 -22560 -52859 -91036 67983 72441 -598 49003 -84169 -96193 -76200 -5064 70047 -23859 -50977 -11053 65146 -81454 40414 74822 86127 -19156 40134 86717 -24443 67504 38270 -44008 45042 31804 87262 62097 25921 98064 -83253 30963 -98596 -35151 -12961 -41472 -19788 53480
-45348 -15592 -77143 70867 12159 20894 -70517 33626 -88773 -29581 30998 65976 -72260 -40768 55294 52344 63156 56851 -48800 39127 35023 -59577 27742 -9076 -89294 -46457 86995 -97004 -53758 84073 50390 41823 64986 30966 68151 -58383 -97184 -42813 7134 -20453 63127 36437 -10255 70126 -63669 -83060 8644 4086 89113 21098 98603 69447 -65563 66425 72661 68907 5998 -80782 -2672 55375 -28899 35473 -49308 97330 -27272 67672 -12900 -35353 -77720 44328 -23348 -85353 -79457 -83981 65279 16623 56199 -29185 18372 85066 11140 -11917 63346 89444 84366 -62662 72420 -43345 4983
19729 -43166 -86440 1023 -93633 90215 -80768 55016 16410 35619 -29175 87236 -29072 85424 -30126 68841 303 -68833 -97153 -47908 17734 78508 -61670 54199 -10989 -71537 51490 -13718 97130 -38300 69130 51347 83718 27478 -14572 16564 -93857 58348 60420 -27156 47534 39529 -98866 55297 -81122 -35231 -51318 10796 83586 -75377 7010 4642 87620 9334 -42330 78220 -73892 3462 -64804 -47623 71338 -23140 -49200 -27600 80433 28459 30213 -2598 -82400 -25630 -71176 85309 -14314 59716 -93424 25205 -98580 -34315 66311 -88038 66567 54560 -85654 -72301 -6935 -70861 91028 27701 -56014
98797 -34426 64356 87867 56550 65443 99419 -31576 -89429 -78751 -89365 -44836 -9309 60992 -36628 16921 81974 -21895 -10812 -24142 33627 -23262 23018 -87622 52454 -18635 -28364 14071 -12760 -67265 80105 -50657 39120 -56967 -90474 93794 -15322 -25040 24812 62231 -48876 91419 14209 83513 95191 -87968 8961 -40439 26217 95772 -28293 42805 41721 26891 85673 18353 42086 36014 58691 -88555 1560 -35336 22629 81571 15927 90069 93283 8720 96750 24673 -26393 76235 -1899 66392 74109 -51516 -93980 -49995 -54905 -27936 -45494 6400 99163 -66878 -15674 -21211 60062 -73069 -45207
-99230 54909 -12450 77361 -31945 -18507 35235 -56692 94712 -83972 -52461 9871 -34598 -47929 3486 -29226 -29429 -38173 57740 33645 -4255 24022 91162 -12102 -12652 85613 -70309 -52477 -39871 91170 84616 49588 -86354 -58854 -25819 -43891 -65275 60333 68520 -64738 -33322 58366 -54696 34625 -69725 39678 29819 83617 -37562 3051 59601 58161 -1361 -24802 -18484 -29116 -27136 -86945 -48699 -31920 -26207 75599 -59040 82440 -78427 -17819 -53145 -72004 -44638 51162 -92272 24444 -39067 23895 4257 -30280 30863 -51860 6444 3021 2834 -33932 -94326 73018 -25443 -54339 83264 53967 9950
-42935 -3907 -91306 59634 3968 22927 75222 -3598 -83662 -41221 3511 -25602 -80594 87014 53649 -93078 68229 -39196 50319 -78720 -89188 167 77814 -69231 59319 -66199 -17967 -71916 60831 -77481 -77979 19755 -43952 78865 -25260 -33750 -43259 84319 8252 12109 -88259 -18407 45130 -42569 -75001 60163 -4854 -39093 -22455 -7718 84751 2831 3328 -94276 -11370 -52413 -10153 34838 -11287 73824 37676 -12611 -78316 29225 -68932 65689 -78706 -93187 -73109 31215 -29009 20795 63037 95338 66219 92731 -69565 -42803 -59229 -60954 -89401 -83779 -15914 -33001 -43436 -21354 85246 46754 -65475
-11539 -39532 10003 7954 -14043 1372 -70143 11254 23553 -72953 60163 86573 32471 -8307 -44546 -54585 80443 76829 17218 7402 17798 97897 -21563 92041 87822 12277 -38396 36946 -99447 -22101 -69726 75309 -85738 99721 53311 -85400 -77054 -83261 87478 77456 11672 -14959 -2408 90863 38327 10409 -64294 -1490 -61110 86355 90499 16116 -91388 -39746 25717 -68401 55569 64526 83234 46623 -25716 -18247 -58440 -85650 -79945 3082 -98531 -73722 -35970 -79233 -20540 -74304 25678 77096 73413 -84146 75845 4798 82369 24265 -96369 66081 5938 15819 44917 -79127 -36095 57077 -38303
17068 90898 65998 83262 -5817 -38347 86950 12657 13168 -37680 56010 -58716 19668 -72467 41526 4226 41294 -89402 -45635 24440 95442 57653 42384 45040 -92226 73539 94322 9746 2005 -83762 -2104 -60012 26107 -93884 -56599 7421 -34155 44170 -743 43007 -35311 78752 28500 -82608 -88963 -76366 48082 -7901 38055 96209 -42873 -6299 -14857 15018 -28269 -27450 72817 7263 4912 -14330 63957 -34581 93455 -25374 -39165 27256 68324 -26432 20180 -78403 -4788 65691 -54296 -39786 -53672 -42306 -81259 -31505 50611 -34017 -38388 89561 5100 38552 -31482 18582 -60565 30381 69303
-61855 -46770 -13389 39672 96457 -25483 -99389 24817 -69048 -78386 -46604 -90530 -69916 67397 21035 77319 -34602 83483 -43213 67003 -34175 -88964 -6299 -95751 -59374 83187 -22142 8825 -52532 -89665 -94460 -79898 61660 66179 46316 -89078 84304 59969 -40994 -96253 3299 -56337 -846 -74195 45923 -34274 -39801 -69208 42027 1933 55849 88952 -4787 73945 -46628 -89710 87389 85628 -997 16382 16781 35141 -79095 99158 51385 -1407 -74410 -93187 52420 91918 63273 17121 -2981 97436 37087 60585 -93206 46999 91685 23528 97789 27878 -56081 -44688 13478 -26247 -52175 -68617 -85366
-51522 61646 -29286 42527 -92119 39517 -92595 40424 10308 -55945 18447 14656 40344 51205 -27254 67834 76267 -81257 46186 58858 -72061 44374 -46502 76780 -89938 65111 72911 98618 12100 95932 -98048 49041 3422 71534 78243 39592 80730 5441 37821 210 -17540 45732 -5663 -50571 11989 -64960 -22220 88890 62991 -17640 -99745 98244 -37888 84397 -66227 51775 16603 1214 76408 46048 -61494 85349 -77930 97019 80850 -38490 6809 -59340 76505 29097 90945 -27311 57789 44800 96107 5235 -80577 64662 82561 -6836 -13319 6564 55084 -44322 -17055 61579 50941 -86063 14380
