1 50
95546 1762 24229 13277 56123 49200 -83322 -9542 14679 -29250 99252 77011 39132 36849 -63787 35680 68696 -80513 73982 77442 -29530 -29858 -98272 -6157 -50384 5828 -53978 63939 -46337 -23368 -12854 -94501 25199 77578 40519 32357 34044 99160 7448 60139 35161 68 88025 6711 6838 84971 -63126 70059 86910 92780
50 25
-4451 15609 89384 36813 -71296 44688 23608 -22416 32599 -63147 -11514 -57530 15258 59442 1960 6337 63474 -58961 2506 76907 -28321 -37172 -76380 52553 48548
48909 71865 90114 98266 -33284 -17585 -34704 -20989 83126 -40057 -4628 54204 70609 81381 -74000 28750 24453 75892 13805 81873 -97166 46399 -15818 -31889 -83794
-72623 54327 -81832 -94411 27697 39265 42214 -51021 15671 -15204 64957 -45114 -71795 90173 -66725 -65369 75764 -11222 50076 871 -24666 -10160 -5650 81843 -92340
80992 1579 44966 -53548 -12925 -29221 -36767 41250 -64639 -82351 64350 15266 69853 -19896 -75813 -93155 1130 61130 88210 -82576 -23718 95713 -53565 -83870 43835
-5840 -89548 93440 15584 -41060 -67662 -68493 79679 6974 51747 -21198 -49668 6249 72650 -22638 -18856 -26735 -78015 -51277 -68629 -16208 -85263 -42331 56432 -5131
32090 -50205 67162 -13642 66524 -6284 -48614 87970 54859 -52402 15835 89390 -62602 19171 -39028 -75080 -95152 -18251 70793 -12875 23501 -87996 -5579 -35741 -42313
23265 20588 63113 -67091 4449 36029 -98910 -49069 63243 66495 -22283 60135 -49181 38746 -54030 -40576 -86951 87376 79732 887 56687 -33793 -60538 -58575 44760
92173 -2170 -61290 -35163 40904 -27039 50109 95511 -62263 49512 -75099 37245 75729 -31710 78942 -22990 -54628 -3947 13966 -42156 3310 -26085 -52664 -62704 -72656
25245 582 -14353 -25292 -55143 26004 87173 1783 -47974 -56134 -35216 -83523 51633 24747 74113 -44319 14361 49939 -92462 70399 74103 4692 82212 9167 54064
-89609 -16764 -91220 53920 -27352 50185 14453 -35149 48290 -73586 -63147 88272 -39929 -36428 97857 69966 -34626 6626 49995 67800 13448 -48636 -74589 83352 33374
-21634 86824 11063 -51177 -73122 14678 -34191 15011 -40548 -75285 -70813 -40239 -87902 -82987 16594 41193 38016 1513 -37046 -7880 -90870 -52517 52686 63165 50785
-61498 -17146 77291 33184 89971 9800 92281 52965 -46265 12328 15069 7719 87942 -37227 -83504 14689 85549 -73382 -42103 39889 -41823 -66035 19085 30731 -96952
4458 73979 97277 48774 77910 74265 -53808 -89611 55149 78477 -32299 43327 82660 43685 -48310 -57890 -82169 -76319 44590 -24201 25408 -60990 -95681 81831 -80647
2515 21853 39497 -43747 -80652 62019 -54816 -18062 83661 60560 -82003 -89771 -95644 51422 -64038 -69196 68778 51866 70898 27743 37036 -6832 -60008 -19512 -98663
59822 16537 -72135 40924 18307 -97500 72877 -83146 21277 2090 -51480 -23999 -10034 -58278 20968 17380 6217 46826 -32966 94279 84256 58128 88184 -35119 -6039
-58348 60618 -82696 -15510 49040 73736 -42481 86501 92830 17982 -9014 -63192 -57217 -19491 -50629 3769 50490 14005 86759 -37600 -11503 5644 10738 -32915 -47184
86004 38700 28138 -37603 -92275 -3445 -67429 1470 -50222 -85612 84183 38285 -65391 58337 40418 48485 88199 95180 92727 89758 -75308 -837 -83790 -36267 19780
-60474 66780 -11270 -12400 -97594 6986 58279 52150 31306 -91192 23050 -92952 42480 -83268 -70732 5424 46448 -53614 20421 24343 55953 -43119 -11719 -13413 -23980
-52853 -59972 32690 87741 -45690 -29080 -84059 -86009 21519 5837 -6990 -63660 -56141 -72431 12357 -62427 78619 -72314 89733 62044 88808 83426 97192 68695 -9127
90478 86248 -58926 -82924 57242 3920 9891 66886 97117 -30305 -59471 -45527 -59294 -81325 -67617 -52301 -93561 -3716 64043 -48359 73957 -5995 92638 56609 41339
-54821 78428 -69662 -7858 32880 53060 -21008 53247 14364 93241 58844 69694 92948 -86724 84704 -82392 29601 83164 -31760 78895 44205 -58146 -6516 -5207 -44914
50646 -28651 66531 56067 79708 -84782 -43527 -14287 56405 86914 -86739 45030 -16386 37200 -56963 15253 -42566 -48680 94459 -38386 -1376 -13541 -68235 22680 -8910
91844 11373 63159 47603 3434 76042 12254 -68246 -48530 19420 -3178 37515 -42472 5778 48432 -40266 -27389 54377 82772 38956 -96594 22892 -90614 -12248 59634
13326 5941 -81365 -9278 83697 83469 34122 43269 -71747 4179 -81037 -35560 -78240 26379 -7843 -76543 63296 -41279 -47559 -34130 9563 98648 -83323 76761 74071
-9465 -33341 64676 -96513 67532 22850 40672 -63189 -63358 -99028 -93395 -92635 86387 -89340 46941 76877 34636 -74448 22136 -60669 80220 8048 -40344 52728 -93185
-1741 63431 47992 -8559 16201 -7008 67716 -21767 48390 62219 68604 50042 95443 -89667 -70215 -9495 71480 97234 -13258 60792 96176 -27653 -81931 -28304 -53106
-91148 9098 49351 2490 39070 -38965 47293 -67336 -24895 18833 -95923 -83501 24181 -91537 71589 59086 -37740 25955 58356 69806 -44886 18888 4317 78494 -6008
-80528 -17434 46555 81822 -22753 71272 -67798 43776 41866 -66940 96981 46240 10351 -92031 5575 -22367 -14176 7423 23189 -14130 65619 -48618 18445 -28236 27343
-25468 62950 14162 -47943 15497 -19004 -3439 -13998 78333 63733 -17056 -88961 -33644 -71237 84808 74175 -90235 -83383 12010 57579 -44689 25752 -97992 -19924 -17881
-32716 -17061 28359 41677 61038 -54294 -94975 42024 23597 -8157 92490 -694 51365 -94025 43056 -2383 -61396 -31957 4369 19126 -78264 32701 65171 -10208 28381
-62976 -71142 -67154 85892 -21694 -90745 47896 23860 -90283 70325 -41542 -95613 50035 27779 98719 -26097 10646 -59193 -68221 4567 61724 -56792 79379 37124 35104
-8470 20143 53444 -74434 46446 59045 74071 -34438 -63244 92890 -11882 -15813 -69659 -26687 -18511 -74749 45453 59509 59260 -24491 -47732 21081 82584 22348 -12891
97955 -35574 -62100 -81319 -34141 -6965 -67723 88234 69259 -8452 43249 94912 91745 -23614 56660 -79282 58306 -21667 54987 -32107 19548 94230 85910 -98610 -26946
69259 -78622 4724 72105 28007 -91546 62659 -25254 24877 -65062 -95912 79479 30549 65364 10951 -11666 -6785 15363 63530 37371 -23436 -30212 42400 -30298 -54306
-62419 22855 90672 29471 94328 45907 -11317 -80317 -24036 59324 49761 59523 -85572 87198 3611 -93756 94932 -53823 52988 92134 94863 72612 -69979 -4302 -69629
13598 2141 42344 66413 -95186 -3943 -5538 -31782 71382 28588 -91538 26549 84373 10281 -32987 56186 -69594 30507 -66866 -92990 29061 77667 -42471 -44154 82866
-25570 -71123 -79012 91085 -15583 -74731 -73179 -37067 45285 9638 543 -76608 42632 48143 -80038 -46859 -77675 21327 35716 -31876 45619 60423 -20825 -6020 -16563
4994 80040 9266 95212 12212 -6107 96709 -459 -62429 -1153 -14112 -94775 -72655 -83485 -46497 16231 -79551 -79689 25286 28952 25198 -45956 -377 69698 30487
14864 -61391 88016 98609 61826 89270 20450 58928 -24916 81679 14203 -79554 22307 69922 72168 82294 83172 -25951 48571 -39753 70133 -8448 99140 -18523 -46701
89174 5567 -29210 -60824 -59039 34649 -75073 35043 -13899 35153 11638 -59574 63881 55000 19143 -15311 4601 49115 -84701 47468 -45505 -98926 -51322 40305 22642
-70231 86129 96584 -3167 -48443 -51406 72121 97049 46132 -22226 -61218 32287 66143 -78558 -81673 -22292 15936 -18083 -95220 -99760 -62433 -22577 54576 -79918 85934
-55106 34203 -73744 9960 45974 27068 42179 20959 -9736 -63514 -7778 -50106 32582 -56413 -63731 43251 -59101 -75440 81840 -26264 -4041 -2395 -70828 77773 -14574
-96072 92822 88588 -14216 82027 60008 5649 4601 59252 43596 55138 54679 -23350 45798 9469 6607 53847 95123 45155 -72208 10440 79775 74852 -71253 38127
69279 32434 750 -82519 20853 99469 4373 82123 -196 -65859 -87643 -10251 37549 49946 -37326 -89590 -87222 31129 23877 76179 -48539 -67693 30178 19288 52163
-24809 77402 68808 80076 -3631 -76864 36747 -46976 -3351 -40012 25162 -48769 -2367 -90328 -61275 -94140 25667 -66471 -68042 44982 73835 20227 9673 6006 29770
23504 -91755 23248 80304 19545 -69050 -27469 -89595 -36086 -7335 43038 11101 56185 47449 -48601 90254 -60545 54422 87330 -96553 -17129 59096 -63854 23567 51013
31452 95158 -88737 -90216 96052 -36000 69969 69431 -85299 96760 7612 71341 95299 92095 -51708 76106 -34923 47222 54181 95543 21614 -2699 7291 11070 -56483
44179 -93887 59452 -36188 -48465 85186 -6087 75862 61899 78292 72205 50195 3004 -97395 -13520 -48653 25804 -79715 10343 90978 -63016 38150 -73417 -14449 -58872
94871 19005 -64570 -37900 -94436 -44130 66097 -88413 7298 96024 -85594 -77578 -71366 -54777 -30937 -84800 76644 -3347 -19287 -15850 -8601 61587 -2070 1871 65094
13751 -33195 -42343 75342 62394 -49300 90022 14202 11096 37008 82469 20868 -53218 -14813 78039 -3466 -29495 12261 31116 -57848 95855 9988 52009 76399 -14919
