25 75
99225 -5094 37953 71227 -38043 73579 -50109 -11940 -68641 14289 14409 87466 20838 73302 -69463 -45823 -86453 17845 76291 -23451 68069 82727 12214 -50403 99131 97914 17788 -59916 80107 85614 -95255 -4436 12767 42543 25614 -58257 -37602 88310 -52472 84010 -80453 98511 -81242 -74340 4546 -52903 -49117 -99023 -22796 -68948 -54071 -2518 -36762 39512 -49263 10012 85754 94765 -74095 6126 -38293 85929 -35493 64407 -27436 -98505 545 -41809 14442 23932 22749 -63837 -29771 -73127 -99179
-8289 18947 -69254 3527 -89508 -64030 2274 24476 1491 26169 27332 -41311 14032 -61563 80236 -33358 94779 53841 57385 -6025 -91877 -36134 35037 857 64732 -47203 59336 72787 -65401 56965 -86219 73368 92720 13064 56990 -4737 -88970 39965 1820 70447 -67224 75151 66445 -81142 63322 52174 -49239 -38521 -4258 6588 -45816 36566 61192 694 12136 -33081 -67753 94620 -59530 54652 -84103 -22524 -49204 77608 74418 84205 -57343 70327 -89003 67297 -96524 -77342 25309 45841 16346
39710 81826 60512 -13028 -75248 73789 97636 -66350 16995 68543 -84999 68778 71895 31615 -30123 37517 22223 39559 32799 71942 -82919 80432 -57110 -24319 -75935 79539 98401 49357 49001 -48520 23190 7351 95369 31105 85824 34717 -91651 40898 -49630 64517 35673 -23847 -44877 83255 -24213 34711 93703 -15628 6271 -88838 88052 19064 -14995 -83318 -27014 -97832 61167 -39188 -58186 -71254 -11804 -67521 50894 654 16810 45583 -40721 -28929 -6018 74368 98724 60107 66597 48738 3608
-21548 14731 55077 96134 76707 -63512 57800 -48763 -30292 -2119 9890 -3348 57178 24964 -1197 37436 -8387 -10229 -84644 -71725 -43853 90817 -88567 40329 96591 16175 99894 72827 -68549 -30159 61520 97949 -20509 -34338 -54837 45230 -1142 -85779 -58415 -76149 88136 -7236 -64752 -65648 -4972 -36183 50173 -52675 -50698 -75116 98811 -26363 37560 5225 40813 -4864 1773 50842 -93255 5790 30711 74750 71555 75615 49941 92407 -88391 69380 76404 98966 -39728 82399 -61709 88618 18260
60453 84816 -51402 -45465 -739 39594 86774 -70945 90932 94098 -65143 -77855 95750 34401 -87597 -53343 96117 -9671 51732 -95437 -19455 -43171 -46653 -92106 407 33738 -35294 -57875 -33196 -43412 58134 -17848 15671 -80083 -35153 30953 69137 59881 8817 -12502 -21817 -38809 -79303 -80920 4368 62291 -79908 -76182 96453 -11584 -18137 -29700 -62832 -15466 8149 33434 -57522 51214 -28528 81711 -66645 -47632 -22815 46449 79055 86768 -47593 -24350 2964 56439 48945 16479 -90326 2746 -29623
44556 -29983 -95303 -5714 36049 -17761 -58220 -66780 -19184 40725 96883 -23115 -22025 75644 61383 -49459 -40385 28890 68847 98594 -71817 57514 52914 31117 -44125 2212 8475 -71932 75934 21403 -70223 -64390 67316 37507 -36346 51530 39016 -9105 -23332 -72180 -78217 -88730 95799 -7313 -25693 -79935 -43387 -12094 85352 -70422 3835 -85854 88515 -52925 86255 -17515 195 46222 97061 14618 -22900 -24905 90245 27387 74195 55496 -45120 34787 -14780 -37246 -93684 -67677 -62621 11561 83944
86486 -54663 -45482 -45045 -42249 -70699 -24659 -54958 -71091 5595 -79430 30772 28348 -33251 -89720 76592 97483 47231 51885 48864 16164 26404 -76618 -23442 -51979 -42545 -410 -5162 -39224 34592 95502 75540 -51108 73838 2282 -70652 -26191 -30553 -3795 -43299 -50525 -58131 76373 86864 2148 -70389 -35598 -93457 14780 68561 24319 -24998 47891 94133 3245 5540 -14924 92117 42578 -50087 -34900 -30653 -7005 98538 35920 37483 51671 84934 47599 22951 62686 -10700 -60062 -48355 -86707
-63371 -59895 64165 8228 -50541 87669 -49753 31426 82084 -19325 10300 -38701 -74668 65982 -20313 -92204 82789 -16221 -52642 -12292 -47534 -31777 -61922 -59862 -10226 -70985 -64838 60268 69028 78333 -56856 -41554 -8325 -19679 51483 75968 730 -36408 -32556 -63982 96217 84344 -37501 -67225 55638 -40764 -88319 67801 -87131 18973 -87045 2873 39497 -4888 58138 -2877 14794 22190 -57586 -59520 -95167 -94853 51320 -23410 50790 -92156 -72088 25992 -23256 55459 96307 -63932 98521 -21739 -46967
-43675 -84169 -57239 -98046 -72237 59818 -66410 -37864 -85497 50203 -52773 51581 -98567 79570 -35375 -27384 -49816 16556 -38463 -68577 46025 -95874 37237 6307 22515 -25548 -87250 -20172 25481 -77229 -51593 28643 86689 30750 -31635 23214 -54811 -15720 53887 23705 70746 -85093 -37164 -78577 86183 89388 1258 751 10791 -35043 -47354 50450 77649 50469 -75817 -84180 98566 -35676 55420 -25392 52643 -7380 -81567 75770 50325 5289 -37232 58254 -53498 -6287 -94041 -85971 79323 57274 -7520
-72580 96282 35559 -49885 31637 4128 -89757 -3068 630 -93448 -28332 85594 -88845 -66454 -53530 42849 -66850 86537 -51767 49384 25292 86701 -27908 25006 -15249 62515 -16503 93246 -52894 42514 -39843 -40576 52871 -47667 58975 16079 -73633 -26316 19382 -4885 -72938 9447 -1614 -6018 77815 38662 -89812 84676 11877 94755 -40287 -94558 11658 48722 45013 -15029 -26923 -57484 81468 26642 39149 31272 5028 -60869 25156 2801 52353 -8788 92246 -33233 67814 51188 94486 25425 -28303
-60467 -37240 -84454 75021 -17604 -12778 -56829 86669 -55615 -35788 27669 -21189 32152 64885 -89293 9638 -83882 92910 -9608 -85199 -6627 -40195 97293 -24345 53843 33541 10065 16796 -60942 -41586 -73848 -42612 -49194 -4106 15271 58515 46381 65371 11384 -11619 -81949 56805 -93188 91801 41429 -37104 5305 -25233 -66522 -15032 41438 46140 11623 52106 83396 33388 -56887 -85350 -4981 90802 86913 96595 77739 -53296 60973 19873 6448 45547 -39198 -1636 -62268 68014 360 43406 8461
38619 20549 865 -46621 -17472 89113 -35129 20575 -93434 53143 -75381 -67104 -88561 83761 -37964 44891 64714 79293 23372 32962 35502 -87037 -4274 9270 -63339 -68734 76089 60207 90000 29526 -21502 15659 27270 86830 -97594 -31827 -31919 94269 51286 -28359 -27974 35222 -79874 -96162 -10218 91853 12407 -12658 29799 -61953 -88406 97781 88361 -26138 50205 18482 34608 3713 -71363 29416 -92215 18747 33299 -85251 -79324 73756 91388 94563 55160 -9588 -23010 50732 -62842 62596 -10047
-2797 -65975 -76174 40916 80855 86082 -90972 15542 9390 57248 -40774 47324 -52767 -97980 -27589 -99818 -18678 -56854 91713 17637 -82324 82360 34445 -68393 -42999 -33375 -76919 27128 -62730 57170 47763 96686 -62698 13530 -75906 56872 -21191 96412 -35002 -39705 -43145 -19040 -49566 70721 28451 29377 38400 27787 25016 -68650 -38688 -92004 88280 40730 -74234 -18460 -54307 27201 -56711 -90502 69015 98190 -17517 41267 -47459 85072 76550 -83781 9288 30308 90133 358 -4144 -74461 -76056
55773 74651 90140 81881 36813 -64594 -8868 53287 34362 32931 18530 90691 49889 -64721 -34781 -74488 -41117 3498 -57183 -88927 -45466 52923 59391 -5635 3503 43858 -89235 -79513 -42406 -7810 -3642 -52451 -56645 -88379 52638 94716 -62908 -98472 57551 91614 9537 -94938 79775 20512 33126 22921 83089 17558 -8306 -38606 44150 -97173 -92853 42742 82316 -62126 -99957 19988 64583 85142 -23110 15331 88273 94735 -26577 6062 76076 -24698 33076 16674 -88441 4142 77271 -90598 -95251
-2969 -61968 42536 70981 67639 -37444 -66161 16864 4965 47700 -48387 -95536 -80857 -82322 -92234 43378 63435 -70172 -23227 55207 7036 -55084 34625 -72875 23466 -85995 -49035 69756 -29715 -62159 -69544 -40102 -57509 5529 45698 90815 87739 24334 15673 13938 -24785 -14536 24666 58281 66276 80671 51646 79071 -1711 -155 -56971 -75673 -6851 54925 -98556 -2634 102 -56289 -14392 -35086 53518 -31227 -52271 52403 24733 -28736 -70650 -88215 -10669 57477 92976 -72048 3635 -10980 -34455
-46428 26812 14015 77592 -33287 32170 -33040 -45366 -58483 -26889 -96206 -46027 -55859 67798 15482 -17129 3325 -5420 -69696 -18428 -24132 -16189 21795 -48145 -39875 58709 -23195 -63251 -14867 25074 8906 -34415 -52989 -68718 -10192 24629 -50932 -89949 -49443 86905 8729 37824 40919 2553 -40177 -20279 -76454 50501 -23833 39830 -36282 39675 97659 -27569 49606 75252 44725 -24182 -64953 82900 66858 10218 -58832 80517 -36391 -70448 4434 99751 36756 -13506 -68605 -80409 -38510 -11435 -95740
96066 96812 -34526 77606 -48806 19667 78814 26744 -80934 -32347 63990 36447 -14294 -2856 -80765 75166 87391 41814 97197 -86537 74245 47129 -71478 22872 -5005 80110 -85663 -37520 74050 -79052 38483 -21362 -17214 -22644 19461 73898 96554 49465 97108 -26222 -26513 -85731 98850 -36776 94031 11018 54512 -92378 55211 -14527 -34468 -44676 61595 -75102 -11920 91005 81808 -16226 -43105 18089 -51187 94309 35310 17021 27489 48829 -27894 76525 -58493 39820 55728 -8365 49078 -4708 77037
-15551 68386 -10739 40408 12874 -44205 -8991 41694 80758 -87158 -17477 -34134 -65187 -87635 40507 13198 -13869 -79088 12974 -55006 -51501 -18501 -82201 -88346 81562 66356 69052 23687 13372 -52596 -84466 -12131 -22370 -161 -56947 -58092 -82030 14053 -23215 56031 29276 23909 -36514 42125 -78775 -98206 36419 97148 -98100 -59259 -57088 -89736 9258 -69405 -82476 30523 54931 4329 38663 -75310 -23365 -11065 75432 -71577 96702 69261 4388 2360 -70243 -2285 75645 -41063 -84598 97656 -98779
-63385 -65017 61495 70415 36573 -87881 -11548 -92590 24982 -7642 76433 -19670 6773 -50812 -8383 -4925 25809 31525 45395 -25853 -96059 -95340 -40739 -45959 7373 58219 -50478 10368 61456 -93842 89238 -16227 -93249 56492 29735 -77679 68586 91175 74511 73746 -21010 -18767 21339 -18210 -10794 -51899 -50340 14089 -48142 -85027 -11026 -86340 -20349 73706 -67986 73932 21392 9520 50141 3135 -43278 -89141 -24852 -8149 46422 -89606 55285 52202 60180 94036 56071 21499 20791 43640 -77442
-55748 48303 -44205 -77444 -19416 -30380 94984 10208 53619 30601 -6647 6842 87719 11590 29192 80946 20691 -38400 84005 67505 60311 -5348 38293 20903 -61100 -66602 79901 -69702 6320 28493 -1533 -55075 -60646 21709 33984 -15796 58141 50708 -82510 -85703 -83679 -27379 15345 8926 -29620 68727 1290 5225 71587 57874 -94031 49648 86975 29945 22657 -87043 -26519 -22870 -78444 77839 -50118 -69400 -56721 77861 -7700 48835 -44396 98105 -1660 -2997 -3653 81226 -8430 -96384 81590
49566 3544 24138 -18891 22375 71842 -98706 -98400 -37009 40784 -48087 -37899 12171 -90238 -86636 -98138 73591 69757 44430 -93180 80067 63475 -55630 96601 -51615 56442 90734 64218 -59714 60898 61338 -79674 -45449 99907 40608 -17447 -10948 7916 -54965 -91318 -98183 -22429 49335 -99699 -40654 5248 54926 73279 -56568 40783 35995 -84864 51938 -7186 -65526 65492 82146 -99909 20383 -47317 35592 -23222 2644 9889 65974 85040 45555 -74260 21567 -40869 -5396 77241 51828 99596 59119
98932 -52134 -93598 17904 51647 51343 -47254 8972 44798 -28517 64089 -87928 -20402 -54135 -6010 63967 34993 -26004 49769 -39745 67856 98813 -61387 50194 85362 -24658 8426 15293 58051 -91366 6855 57749 -52573 -92241 -70975 -93777 -59510 -82561 -78403 -92336 -54157 62292 32939 57204 23607 64947 80808 92886 7976 77648 91604 31707 41656 -91983 17726 74508 -69009 7232 -40763 -79953 -31316 -31117 31632 25099 -34700 -99879 15318 -24736 78055 -71331 -12353 67473 93383 -9528 1771
-90316 18516 -11531 -27554 -23371 -67645 11256 -28680 -87654 51638 28232 -37714 -36073 37826 57569 50167 67847 -28197 87069 -90552 29060 26712 21372 82796 -3601 -46171 -93283 64288 -72878 -21941 79635 -32647 -90464 -47550 5699 68777 55958 23982 -1433 56998 24642 70527 60575 61594 -72162 -7135 -95343 20849 -19768 62380 -59118 38385 7097 55253 -82218 63297 19254 -30041 -11213 -30537 -79290 66837 78755 96217 50934 -69251 -34303 -59215 -72203 -98500 -58579 -85488 -8151 65827 -96341
-68216 31096 88857 38784 -54650 -58024 90681 -73118 67378 -44943 7204 -83097 -66025 2354 -69970 -94234 -77848 45285 15162 -89074 26784 12571 60504 -31362 -40998 -4920 527 60088 -65149 84689 94210 -83327 -14125 15085 33012 -34888 -10092 84541 32626 4046 -37949 78970 11110 36207 -40747 84529 -60142 23664 20892 -98871 -42662 -45160 81804 4017 -58769 51833 -44385 -35908 36188 42465 78076 -64812 77026 72616 -35464 59457 -76703 29752 90438 -20302 -66595 -7338 83397 -89572 34853
53791 -17181 89339 47790 72587 -41129 87598 -41522 42877 -80909 96546 42105 -10600 24905 88700 -35706 -51701 29305 -32890 51184 89444 1423 -98946 14003 64460 -59664 -55322 29763 -65143 92607 -81313 64176 -18277 -1567 68623 95421 41989 78400 -30520 -42916 35284 -78724 44410 -43848 -18633 17332 83447 13687 36291 65026 67457 -14957 72122 33297 97981 61198 95294 -67630 70233 -94704 -57744 -75139 77354 -33413 5025 -43305 15037 -42190 40752 61731 42279 -79945 -74877 26162 -71558
75 25
90834 -71819 -32454 -9626 -3818 -73252 -37863 24978 64313 93139 -93945 -41685 85502 -43716 60699 -90983 28995 -66993 1180 -38946 -4382 -63059 -97705 -85650 16776
94266 -81460 -7375 16559 -5181 -34991 -40585 49670 55601 -87672 70873 13583 -90858 -7231 -91782 36237 26739 -66310 44555 35470 97408 53918 -87640 77260 27007
86686 29325 26535 -87604 -96705 40258 -94737 83802 92138 23437 -4725 -70886 2405 -51134 -30790 19645 73101 92840 85639 -93709 26276 58383 -32412 -73879 -46826
-93236 20928 -83751 -67513 92486 -26824 80064 -15723 -7654 -56885 54281 -33236 -79345 18280 20541 -96082 4287 52608 58989 36707 64308 -932 46486 64861 -58050
93456 -88424 13044 96362 43880 44066 -57099 39607 96169 52234 -67944 -85068 38572 -24305 -5437 10212 34448 -20839 -53858 -69742 -55457 -74971 -73547 8455 870
-86038 -51383 -92040 -25018 -62591 -40032 50901 74768 73495 -40739 65411 -65518 51548 -6542 -67968 -64095 -17231 -37950 72881 -84709 72458 -86999 74560 -73063 35977
-32993 69395 -1147 68322 -3513 19359 68791 80668 38666 -91734 67281 -92587 15739 86262 -46049 79246 96308 -37067 74421 3699 -53522 -22402 -99013 62135 -49891
-90440 -73484 -20493 12366 -49596 49842 -541 -53454 -75240 -5219 52936 -26191 -63752 -92209 28668 -16667 17335 -15906 64601 -87101 70449 99433 98569 -12849 -6739
-38349 -21732 4626 -98127 -34613 20184 98741 89728 86013 -70250 96362 38149 64115 20625 34784 56501 -44558 -60323 -87310 40716 69542 -71505 66364 -9815 -39869
91049 17594 -45426 78150 -18 38806 60108 -10270 93230 -8518 -61221 80966 -38655 -87400 -59924 84675 70479 -81581 -30358 34689 82880 -98646 34775 66867 -26604
-56018 -47018 21035 73373 -27439 -8181 -58729 25754 39090 12299 97335 10193 -63382 -10166 6899 -78374 -77386 33899 -66612 -1566 -31151 -20300 62306 45854 -70286
-31325 -1349 12459 43336 94956 57771 37378 4781 -25344 -53183 -72911 -16288 -63417 87979 -8587 81885 75985 3997 23426 79635 -13756 11784 22466 -85269 -80639
-86896 -10931 80566 -2367 70890 -46045 20658 835 2405 79884 -78495 9600 -28063 67040 10824 -57991 -3489 4585 85735 -32113 -23949 -3041 98516 -71981 -61222
-62304 93597 58455 6341 -81561 -54472 38635 51741 47922 -58106 -35959 -38467 -813 75429 41538 -99036 -88057 -15713 33780 -6068 87057 12812 -84023 -86030 61922
-57725 11798 38874 -13812 -58187 76192 22598 -73605 -12780 53703 75575 -6166 -95054 -86274 90893 23309 -66463 4867 -65512 -34306 -97005 58019 97881 39667 -95645
-60880 64518 -8125 45722 47780 -91796 -34504 21370 32047 -40524 -68574 -75017 17048 67270 -29891 67468 98363 81285 -45252 -38770 -12673 98291 29834 51610 -77044
-41522 -96342 -50696 29216 60733 -2806 14520 61724 -62087 -25558 34228 12224 -85479 92928 77116 31859 -82574 -39955 -68354 -74249 74998 67596 -54131 -669 -43545
81111 -49452 -52748 -12907 -29867 -6511 -57479 -66991 -35442 86245 -39292 -12369 -71175 60103 -86058 6208 99952 -1076 -92486 -94639 48332 -70254 -24062 -92749 -77277
-58308 -24750 -74607 -42349 54770 -12757 -95444 71607 -61464 99909 63124 -65638 -33144 -35255 88352 74602 -33906 -8329 -97940 -13079 -28683 19145 -46543 45519 -87017
-10160 72660 88115 -87216 19818 -26090 15886 54328 -35019 -92520 -19565 17576 70157 -55749 -62559 -46101 -27294 61347 -8008 71856 -62835 54896 -37504 87806 5312
53872 -3064 -18834 -32946 -70957 38221 -32295 -57620 73029 -93107 21124 -73047 37401 -31716 17646 43526 86829 28022 -19307 -33845 35982 25880 -97747 23074 6458
39346 -4005 -1821 -90755 -75606 -60146 -93041 11939 -42660 -47864 -89841 60896 16541 -52974 90210 58595 96414 -12971 -9927 -98733 -87779 37065 36345 -15140 -70651
17206 84250 -75574 -60651 29171 -73189 -74409 64478 -44692 17776 -8718 -28400 -86114 8735 7932 -35835 32361 75494 73913 -21786 -25433 59830 1140 -96604 53176
43643 -41654 -13537 12191 -92610 -80863 96388 56246 -53363 19808 61820 58186 -44326 20987 38415 -11219 -72171 -97374 -22819 19898 -61277 -78424 -82074 58592 -66455
-87763 -67427 -29744 -91465 -46775 -59142 -79051 -45747 -32591 -80384 12889 -38096 93441 7169 -11540 -72463 81986 88046 38194 -59827 -32683 91350 -11714 -67197 -50527
-17757 -67830 63079 95314 -10084 -83322 17986 -73457 -50533 -80726 805 17135 31987 93288 49218 -35696 -19264 -92204 75463 -43320 -80810 -25636 -31953 -94714 16471
84418 -27965 16922 -81240 84476 -10456 -6375 73357 73795 94236 -41701 -4573 -95813 69643 39191 -16951 -81257 63160 94716 -71985 67180 88251 -17090 21562 -33073
62373 -52988 55919 2966 -10189 -93001 64220 28028 -30669 -14864 -25029 43542 28156 68595 76941 -89766 -86287 63857 18272 65371 -29026 20226 41441 -3996 17751
-16157 81025 88373 -19779 25937 49223 53945 -85129 77668 -6498 5855 -39012 98650 34242 -99262 -80853 38716 60850 49829 -74051 55273 84241 -81473 -62011 54320
61668 -36105 44037 68032 -60956 -99105 90069 97850 -86951 44594 12919 -61647 -63130 -46628 34199 82195 7672 -93645 -60502 -82074 15295 -69602 58712 -11518 79597
-66237 -199 37009 -79571 81887 84944 -37467 86738 84592 6063 4249 -49427 53843 -76491 -93833 6192 20527 49524 31501 -80195 -96734 -49161 65244 -20338 67906
-80304 31613 -51449 82569 -92870 -52599 -6857 -63712 23466 2779 -50722 -47102 -79347 -99289 87617 -19767 -19567 -54413 -91362 -44156 1480 -43356 45097 -21421 62859
-88453 58304 -69369 -38925 -72291 79920 12768 80575 39614 -16740 51565 4625 81908 21015 -54520 34842 27566 -63344 -26247 35932 -70339 59933 94993 57190 -58011
1974 -88531 -67935 53820 92320 -40785 -16671 90653 23684 -15337 64015 -61029 49269 34147 53571 95547 80308 -28438 3870 -23939 36772 -7392 16416 50727 -50294
41549 31288 -2478 21308 7927 76973 91959 91942 88054 -89287 54677 -39937 48935 12771 44617 95957 -2644 13905 79177 26814 60019 93484 -75835 -89739 89692
-85991 54691 -83240 -6499 14704 85435 41906 35913 71128 -14044 -79852 5732 10146 -48345 65573 -8021 -11596 -72543 -19296 -48178 79506 87444 -7127 -88980 -8606
-86685 54512 -61488 -6550 -18092 -77212 32012 32339 -7088 2155 67788 -79112 -77656 -24788 45281 -36205 -75351 -2040 -86947 -11728 -53311 86158 66624 993 10025
-18417 -99961 -25752 41847 75581 -29182 94839 23009 -29124 -64381 9170 38772 -63977 63445 -81993 36120 30797 -31349 -29569 56264 79105 53038 46924 -51047 -6812
-67278 -63685 69001 14000 13250 66190 17344 4881 -11771 -42076 27433 -41262 -77775 15765 -5365 -64531 -67578 61828 -47415 38221 -223 -12550 33031 17517 -42822
95760 -67095 23381 -9907 -48880 45570 -73380 31799 -24055 -17439 54383 -85101 -57145 -96245 -39341 12236 45189 -4648 -44178 11129 -10085 15594 84795 -10057 63016
90453 -95068 -64165 71065 -68519 43683 5718 42747 21658 70880 -76847 -37913 77104 -77137 77016 -73903 -15447 -98511 -53955 62395 -9177 -95697 -40143 -41101 14505
-30913 68328 -16017 66951 16185 -94448 -13457 36181 -80250 -9449 32569 33312 -52686 -21916 80333 -88890 -27124 28238 -94255 -79935 6378 18177 -44037 -80130 27947
45590 -36826 72538 47655 -32407 -2189 -12499 9610 35030 59175 -47726 55309 -27758 -27511 49787 -85961 -89331 36278 -20616 -3475 -9719 85980 19262 23650 -22523
31199 28788 95414 -66598 48731 -69074 60145 -6144 41232 23882 28819 13821 68077 62934 -76336 -76459 48418 -25693 -96445 -85669 69981 -11178 -19369 3012 -22786
-85636 15590 -62734 52425 -2725 82563 -41889 -68184 -11887 79707 -3412 -90789 -90575 89433 91224 -93962 90232 -78396 -21762 -57204 -96851 -30682 61425 98831 -9351
95686 -21098 14541 10260 19620 -84345 -19524 1411 -17563 -73640 35505 -92188 -43628 -22991 30268 -78864 31843 -68498 -17251 81086 55141 68950 -80293 -13796 -21559
-71535 83002 -72388 -35217 31273 31683 58922 92492 88739 58669 -95853 -22252 77677 -86896 -45814 -64404 -90522 -46414 -91618 66334 -47163 63073 -95042 -79679 39905
-40113 16122 -89155 78709 63314 39642 -62519 73786 -48194 43090 80541 49103 -52691 40960 -90735 53460 -70463 66391 -65942 -42655 -39805 21789 -51027 70907 -41294
55101 53611 56762 -24606 61122 33951 73612 -20737 -62070 -85453 2752 41867 86582 -40902 -45114 42334 -75800 -57032 10717 80245 -12158 40738 -62004 18338 -70370
88898 -86066 78201 12886 52258 47792 49480 -81526 59856 -25518 43974 25096 -78228 -15378 87982 -91828 -44471 63295 -15125 85492 -98676 -44553 -47549 97853 63966
-10861 76161 -16928 -94559 -85198 68719 -72962 41455 -20229 -49814 22514 -3555 45499 17251 -51715 32381 -20593 -99872 20788 10814 27366 -96990 -6434 -13129 -90974
10759 26545 -50950 -44149 -40057 -84308 41888 -9187 10621 -6747 -6727 -86977 -99400 37729 -93878 -68862 47260 73784 47769 -26013 47406 76521 -95585 27971 -59625
-72472 -32659 -58316 -90377 -51372 14574 83813 -50836 67555 93986 -44724 -31549 -85051 49988 -37882 65930 -92373 -45689 -8452 -23534 -64500 -16542 -75571 -46165 -40851
35169 -71942 -47714 60748 -1140 -33177 -89336 48653 85881 91883 -78641 -90699 -25018 42767 -63653 -4197 16577 -52366 -91846 -10439 -48067 40291 46198 -78985 34221
7094 48355 86290 60325 54680 95942 -17561 27122 10930 75459 61010 -25482 -98748 91707 -34177 64754 -60262 15661 61453 -76431 -30639 6030 -94493 61226 50882
81469 72555 10308 -40836 -18197 36905 -72359 22225 -2675 21616 31276 94083 -19422 -20423 95026 -21629 -33741 81333 -37179 -62901 -43385 58578 3570 84450 -98621
-48202 -38487 -59302 -36817 84536 -86292 -48005 41189 -61492 605 -67501 -63331 12802 -88882 28672 -2599 55703 26801 33319 32531 -12869 -73141 -21113 -16158 -30127
95485 87947 -34827 74015 67816 -8330 5128 -32226 32712 56788 70643 17168 38807 71343 19131 -94671 9286 74172 70999 18061 -36955 -64465 -53744 88700 84175
62384 95757 456 -80410 70162 20097 -91283 -18754 -7881 -6835 26613 -73794 -97215 -78427 58713 7392 -60978 -78167 -86444 -52043 52952 690 -9826 73797 -91720
-93026 42810 89678 87998 81299 75702 44102 62895 91015 -68966 48763 65668 -79183 276 46809 76828 -9712 2375 -148 -89631 -58568 -20732 -38759 -81354 80258
42178 -13417 85975 16148 99030 -9093 -33147 -10852 -17708 49429 19347 89820 93890 -97338 31976 41031 99805 68009 -79919 -77629 80875 -85888 324 79081 91581
16299 -82311 88702 98510 -37442 -15383 -21800 72146 -99473 -4919 78476 -32108 -91643 -62406 40440 -9666 85169 -88633 -20313 -17291 89038 -86421 -77663 14762 -65943
-48096 -25923 96939 -4633 -21089 -49590 21757 87549 -66524 -11027 -3488 -83340 -99029 -25516 48780 -76707 -22618 79973 38278 -3582 81022 23753 -85170 -26537 13684
60385 40095 -26604 48979 8200 54890 -96879 49742 37301 -56347 33204 -89479 69269 -74145 -45089 91285 -67450 61420 -70110 61860 -51041 5872 62880 -41187 84621
45590 -20138 48128 -94709 32990 31176 35978 2702 94330 -22401 68250 -76635 10010 -82273 -79460 -99020 -59947 43618 12153 26124 80601 6186 76495 25888 62305
-42188 -20076 -27254 30669 -51256 -35272 62320 36963 -33592 -20577 -67857 14899 63357 -43633 -7805 85612 28884 50338 -59508 32416 -38818 32135 -8002 25070 92073
-95822 82615 -26871 -59171 38717 -37229 -33819 -69963 58639 59007 -24858 7767 -27086 -29766 -54987 -72532 -85023 -30481 -6764 11552 26482 -70410 -85559 72614 -3942
-51328 606 -43228 -83910 -77782 92273 21778 95114 -90197 -77390 42322 98524 -66881 -33064 -51485 36472 23398 18833 69058 97105 -84339 18114 68319 -80266 -99533
-56575 24827 -59147 -22351 -49636 -76481 -36860 -30695 82982 -58201 -75150 -40703 -36415 -42088 87091 -44463 -23642 -95718 -34273 -42051 -50033 36232 97073 23537 -62565
39293 64917 -55626 9057 37233 94035 21857 22760 74000 47888 30804 37247 -5065 -46915 -21538 42897 47237 50040 28901 72467 -61596 -89593 49574 -6590 -79930
88657 -67532 -69273 -32469 8920 -36102 -42433 -7847 -20700 53961 -87227 1364 29319 -863 3647 -11864 -62276 -43219 -25918 -90611 -10855 19656 41507 -14879 96956
-81688 21522 56197 92325 -7990 -16979 -74350 -2408 19575 55250 -52576 57377 -4880 74252 -13133 17920 -76424 53780 29045 29811 56969 64296 -43379 35788 -67221
94203 28442 -29929 -21143 -73546 -42035 -99001 -21927 -3372 -4344 44563 6450 -56555 33922 -70918 46394 76020 -63491 -11865 83438 -96168 95402 9924 80266 43026
93485 57179 -96780 -15007 -13714 51276 653 -7418 20649 -92880 10556 93243 27682 -2552 -32722 -88633 -77687 48197 60070 -67512 -63036 -40041 26502 31308 70296
-48158 9245 -6482 43961 -67541 28730 87260 -65839 38707 -40712 20338 -28533 31683 -63342 -14022 84375 -96822 47443 -26041 54099 -91565 65949 -1983 -47597 -84153
