10 10
-28268 -57014 -54878 88877 30274 25744 -9242 -28753 79717 -2723
84670 82586 -83554 35703 -32510 -25131 63575 -46715 -43357 -87728
14879 60673 72399 -19623 -74695 82949 52937 -85058 99846 65716
-12722 -33051 73305 61680 36778 48754 -16551 98564 -30442 -93083
70510 -46363 90479 5379 -52076 -51110 -4116 -7428 50816 61370
96136 94042 -25803 -63428 60393 24319 29161 76454 -34689 68415
-49843 -806 -3031 25740 -94193 -41766 -90921 -89835 -48105 -9643
88503 82812 -21258 -78264 52992 9431 -55319 -70811 62278 -57968
-76639 -95254 12113 -37642 13042 47650 5054 36087 -34495 84579
34841 -91783 -22890 -16914 61344 48753 -96677 45141 7622 51802
10 10
39785 17300 -84167 -1033 29491 -13687 58929 39720 -8744 -77643
34568 -90206 -41164 -80206 -91067 65371 32340 1626 80720 88178
91741 -76573 -25621 17855 48356 -57358 -96064 -66221 1106 -33155
98404 56752 -89964 51777 4781 -93444 72634 -51451 -17293 -32502
32357 84193 80547 68102 -73997 -98671 -42056 -87265 -44213 57794
69934 32292 -91128 54047 -53697 -5663 51529 96961 -96501 -43212
-82350 -37067 -90305 -83337 -53837 37663 -2335 -60544 -89090 54455
-22419 -57955 -94410 -75855 -75589 -56920 57431 46040 -49374 -38827
21010 -65104 -64779 -49831 41065 16830 57540 77217 51754 90187
98881 54168 49072 -49148 20212 7161 12913 -77926 49795 -12904
