70 60
-41099 -22840 28053 -47330 6427 -33046 -99058 55899 -10412 42646 -48462 -92193 -563 62808 78728 722 -96445 23808 41578 -45008 -25413 761 99108 -82196 68586 16721 -94662 6110 22786 -78645 -72456 34589 5440 89530 79247 -50536 -18772 24397 -45321 92026 78170 34623 -83750 41941 -45619 45277 -57383 -44540 -36745 70352 -32926 94356 -85088 75409 73728 3651 39939 -96137 30929 2605
-26134 23125 -46128 26157 56247 -97271 14104 93750 -17016 78241 -99061 50459 31933 36993 18911 16681 -37081 66220 40764 -25148 60151 -36547 -51927 -21698 -43394 -14621 -53343 21316 75330 61653 -74631 1929 -51182 62553 -82792 -57274 -82593 -61913 -39938 -16867 -64414 20492 -5575 22424 -92894 69897 -16857 -25954 53741 80221 69196 -96374 -98945 -93648 94406 95285 31204 44127 -26838 88983
-78393 74669 -25223 67895 78089 -92537 -37325 -39640 49852 -79088 -93644 -58977 5450 7507 -35249 -59495 -6439 21204 -27477 37104 -2827 37923 58638 -34940 83457 86612 34465 -40763 1426 22314 -45338 86582 99839 88177 -22561 90214 6773 -53783 37840 99857 5610 46588 -2845 -91944 -26278 22422 -42638 -90430 -79063 35954 17768 -76828 -79282 93563 39138 -2979 -75558 48170 38254 78461
1803 65676 33161 76090 61551 -5542 -69007 -18959 85136 76824 -83095 58827 -36313 7926 6862 -45939 79593 14028 8824 -87901 85706 54626 -91103 10395 -87346 46605 39435 -6951 45473 2930 80209 64444 23265 52897 -47552 30007 -14444 -83866 46230 11011 -13828 96780 -75189 54517 59139 -25751 91716 -90698 11238 88419 -41660 69441 2003 -41772 -36842 76121 -58267 -8474 76301 60938
-12782 92755 22241 -35784 -90516 69683 86394 -90891 -15421 52680 -20006 -45630 56528 -78251 -23093 -29196 -46072 -84629 -4724 -11418 -81831 -37334 53756 -61413 -90491 35534 -44805 -93378 -78242 -61064 78216 69811 -29877 33809 96329 -62216 34011 -96369 30509 44733 38013 -88483 92343 30641 -26658 59675 35056 -11233 -75517 -61224 25234 2746 99499 36158 -84348 27567 57769 96790 -57924 -8896
-58868 -43432 -82127 85943 -9605 36712 -45158 18805 83396 -2964 -11332 33104 98391 93875 -9046 -25584 -78705 -16999 -12488 84171 75134 -26184 30923 15337 -30256 80690 -38389 51658 -4975 -55819 5284 -55017 52080 -30053 -45376 -8179 -99760 37257 66233 20936 80732 42222 -56085 -83816 -463 75952 -19590 89215 53979 55478 95356 95551 -55880 -30168 57590 -92244 4268 -23575 -53923 -50891
-59560 -48080 76236 -79213 88421 -36645 -84177 -95904 -78599 44021 -73322 -89974 88768 -41882 39870 15375 75028 -3241 97013 -28778 10378 62283 -23327 75265 -55145 -26002 -14813 -25673 -22990 -98807 -43543 66864 63524 -31399 -27495 -86740 -59288 -28760 1222 93569 63410 -69433 -12153 -91486 -81514 -68780 -74176 -97920 32454 -57836 17303 -83222 12845 -12518 83664 -99462 -98110 -12160 -39233 -60501
-76799 17803 -17268 -490 28392 44627 -40337 26470 -46041 11136 -55970 53371 59316 -53720 -89964 -6102 3218 -67742 -31596 -73970 -17090 -11986 92468 27107 -99729 -47742 -20428 873 -54293 68213 -36623 -62939 -96271 -89110 -90237 -43868 -11324 -83410 71049 -99666 15693 43340 -82115 -54674 -10065 -73528 44262 -96185 -8489 -58856 25491 19030 -92775 6749 81598 -26522 -35658 96592 -73703 59669
72272 -56485 3124 -29663 71380 76715 65685 71890 -26351 -25260 -15747 62983 61319 68643 -83812 37397 -10167 72989 -53488 1840 -19875 92739 -78123 -44283 78061 77128 3374 59407 -82522 60085 -66529 35128 63013 66491 -51704 -51075 -83864 71868 79068 -69765 59204 26149 -13493 -18199 -43197 4284 -31135 39087 -72416 15183 31104 92777 35618 52421 -29445 -24493 81659 -56581 -59318 -56863
-86175 -89344 99819 -7701 -28140 -98230 -67741 -47974 56029 -95787 -14787 2155 72595 -56131 -46785 -63063 57453 10248 -86950 -63789 67059 -62668 -95049 88624 56260 -55792 69872 -32180 29919 -1480 -55623 -38083 -35101 71085 -44298 -60659 -52322 1342 94218 -81901 -85290 50409 -2443 -14055 74130 21828 8555 27037 74082 61347 10047 -24645 32973 28663 47682 -91436 -12954 96665 -7092 39444
-89178 -58925 92518 10742 97267 -95116 -51398 -95001 -84591 -61102 -1198 -87766 66274 46033 -64819 44496 -16768 57771 -84586 40705 -81426 12421 -78965 -99970 -38802 -94054 -62367 -865 58249 -60915 10567 -68964 71843 97906 86825 -14018 -87572 90591 24385 -93928 52202 -83371 -53636 -93321 70987 53313 46751 99732 1160 54151 -52020 -89012 55607 -69336 -33101 -75995 69760 58067 30295 -2170
-2604 -34200 -8418 57994 89942 6710 -70828 28995 60290 -66083 78983 82195 -44846 -70408 78024 -55984 53896 22511 -12253 -61613 -90031 92802 -14111 46153 -99327 66965 14000 56995 -41165 -61532 -19397 90990 68355 -19301 -57015 6351 -92224 -69759 -85422 87347 -36307 12065 -17403 -42617 61494 -36480 83139 -73397 -8088 -66527 -84544 -63383 56889 10791 -29863 -66935 618 96000 1886 83362
94204 45540 15163 -34125 -50824 -17165 94095 87677 97905 52796 -30346 67541 -78034 47986 -44432 -71981 17495 20311 -46816 44408 63542 -43716 -39782 14378 -84494 -95453 10462 58551 -77383 -33244 -4815 20598 -34457 -87100 -50324 -81312 12165 97548 -36312 82916 -90971 -44758 76589 38917 -58659 -33192 94213 74820 4404 72853 -6427 -80504 68 -30159 53583 4582 -41741 -14103 94491 -26518
-38514 61139 22560 22201 6230 72870 -4810 -43954 -2028 -81015 -72356 98059 -18194 -25715 -70348 80058 -80608 -52352 -48206 -19774 -67822 -70851 -60075 96927 -78834 73652 -26539 -30281 40216 90196 74278 -30779 -19662 97446 25551 43005 -25162 3838 -57361 58926 108 26659 78624 -91510 -29629 -40636 59383 2421 -84041 -14838 -78635 74255 -36913 -20714 -57178 14240 45841 -18637 85755 58735
19102 34264 -25173 75189 -57580 -27830 -58193 -91396 30376 75330 35163 -18714 87034 99242 -56287 -48261 -43299 -94170 -5197 97352 -37366 10288 -46441 17678 7959 -72627 64178 99691 -27233 -7468 -22696 40813 -21052 -699 26325 590 -42278 41337 -27151 38134 -48957 -87919 -9789 -53167 44183 35073 -70767 86046 -76916 71291 -17890 -7727 -31314 -58540 -78379 -85311 -93039 -70617 -50772 -6595
64748 83968 -91042 87015 -69682 -63386 -91427 -74422 -60510 7633 17107 -26553 29313 4727 -62978 -40688 -59512 26769 -15299 -38313 64294 30969 -2241 63830 44011 -95521 88241 47361 15384 -63505 88855 -21621 27668 83888 -9715 -68311 -93047 -60586 -30666 -82859 41713 75309 35113 -33573 87624 -96143 52287 36350 -12255 56390 95043 58211 79182 8113 12410 28861 94720 77071 22321 -17982
40329 10903 -50373 -2245 60479 50000 75607 79677 -97355 58405 -51493 -70348 72654 -84098 -86716 -95106 -50925 18025 62475 65174 44954 -92710 80485 -43596 55305 33133 -24692 41689 25861 -82713 50376 -68561 99785 7197 57912 -82648 -51846 -96161 -40638 46719 7586 -9397 51022 -62685 -9293 34617 15279 20463 13734 -55987 7473 -57992 23841 63443 72764 -24541 13431 -67257 60261 -77375
28301 54981 57894 -47521 -67686 -22717 -44266 -33423 93995 -84234 41005 87464 -20070 63163 -88881 69485 13394 -91816 -78355 -69309 -51730 -49204 -76107 99357 -283 -79314 5520 -38117 90868 86510 82676 39164 -94148 42355 27984 -48722 83185 48580 34300 57799 93413 -87393 -29270 64353 -79819 81530 -79457 -36864 15232 -63734 -34068 42876 79515 -97258 70775 -70104 -88698 -40596 25267 -96016
89745 -3072 -71627 24573 -21518 -11763 -13602 69178 8259 45295 42654 -6968 -18450 71232 86960 21448 -44426 -18056 -66568 49841 94659 88928 7804 59019 -95212 -24462 -60510 -57975 95272 -46349 -88237 -84820 70839 -75069 -40550 1449 -47408 7174 8322 43837 -77418 90770 -37650 23584 6387 30165 -26903 49626 -60793 9282 -55959 -1363 -85357 16327 48339 -78620 52368 -71206 62999 22272
-76816 86189 90154 -38561 60616 -33624 76595 -74733 -16099 -9977 -23477 -68397 5331 -92723 84220 84315 67891 61247 -36712 56897 -16172 -87197 -12946 -2119 -64717 19337 87900 -52674 3971 -97609 -19122 77166 -95465 -82373 43814 -51688 -38719 10812 61963 -64864 -93771 -22316 -61352 -90374 -15572 -78282 -29777 -38200 -61762 80709 88941 -95154 67186 71347 54611 40403 -26523 99313 4394 -61822
-67015 -63571 -71798 56655 74198 45415 -93997 37805 -80290 42138 78171 -48320 76649 42107 11579 1578 -14755 -57182 61424 -5947 17859 95257 22686 25028 -67154 -69788 27515 90623 -95887 72253 -56395 97787 17923 4052 33473 42600 6749 -85954 58422 69721 83779 -32428 83804 88952 -90609 43821 70566 -47256 10120 47908 72528 -35773 -35360 90729 81361 -193 99662 -48287 -71828 -35975
27697 -6495 -34663 -74719 -56630 -93843 15234 52289 -10441 18181 20872 99731 -70496 -38855 84014 54677 25868 88161 -20263 -32291 -98616 -72531 17242 76481 41181 -69179 70943 -39042 82561 -85018 -76978 -59616 -30625 -7188 63835 -61537 71647 -99634 97612 29360 93378 10239 20606 70950 -95528 -47915 73882 9712 30486 55268 -25273 88375 -59951 -59126 55671 -39079 -9363 31816 -77336 -33823
13506 1839 8498 65915 78015 93053 -80426 39207 -29394 -17331 -41622 -35658 79854 37947 99826 53963 -57281 -33426 94653 39156 -67638 -98510 97206 15571 2181 82882 19967 36980 -21408 -65187 -18032 71768 -34987 52738 3098 61826 16543 -18233 -86776 -86050 47871 -98522 -2335 67986 87041 -15815 71189 -93893 -1428 -3208 -26481 -99789 -64649 23171 -64950 70282 22017 44036 74682 -91196
21604 -10594 83391 22414 52953 85187 -44996 -63631 53389 62453 -97330 -14386 94559 83345 85389 -60324 15342 -90684 45808 4293 -89408 60860 -29759 -29617 -84355 -92392 61968 95391 14366 5995 -35967 57260 64241 -95748 -41703 -65371 -95440 -19174 88627 53085 -36363 70122 -47268 -38759 -6893 16857 97368 -83746 -11486 16536 19226 46747 -38465 -14749 -85804 -13440 -16384 43511 21579 -12015
47618 99874 -59744 43629 71549 -51045 44632 -83320 -11311 70873 90720 60873 -38076 -21008 48563 -36674 -21817 64479 69667 -83339 -1243 76461 -93540 -77488 -70055 11925 -63247 -72415 -73422 -91879 34668 -57248 -87200 -3630 -84845 -56495 89662 -91663 -11591 -26911 -2637 20616 -82393 -65710 -38306 11333 42048 -46453 42791 -42684 216 98045 -72469 -21202 -38731 -24945 -48177 -21957 -91956 -62544
-2462 -86459 -52362 89117 35814 -26066 24484 -9859 -36273 28000 84031 69067 -89503 -35383 36060 39758 -23845 -83065 -89117 65083 -21339 -86478 -25681 -67929 -19693 69359 -56141 -9786 862 32906 -46091 -44381 62109 -92752 -35007 -63523 -74896 19678 -23750 -94819 -26307 38641 -29260 30296 -26165 -40582 18737 79006 -77985 -50028 -51054 52672 90166 922 -89268 -42001 1187 -16951 15806 -49403
-1724 -64601 6338 69140 74158 41375 -48020 -34674 54734 -81405 83252 -53782 -2536 -92333 -38697 92482 64712 89549 78129 -72368 -45439 -99958 -27962 29942 -4315 -32273 -9858 58714 -60437 47442 48771 -38952 13757 -21977 -19924 -46449 1448 -56238 7777 -83954 24055 6037 9110 77254 9853 92551 45607 72923 -26556 -71022 -16941 22793 64466 -37459 -97255 23906 -25222 46706 -21307 84341
-60421 98934 42200 84065 85873 -70345 90073 93735 -65891 88013 -85633 2970 -55257 -6249 55116 -25232 27948 67235 36700 58665 92368 -78955 78005 -60527 -9029 -9316 82980 -35710 -5704 41365 80973 44202 25864 42411 56049 20103 37978 15224 -53285 81895 94980 95454 -83761 -88979 92810 -66432 -63577 -9174 -36303 65925 97197 78038 66456 -84205 -39389 2148 34800 66599 -12144 56028
-25215 -90922 -40420 32362 -8439 77160 -51037 -49916 88667 53394 97630 -12920 -59705 -84555 -9369 -25162 94149 -92521 61283 -56009 -53838 -52343 46825 20089 -33091 60135 -31040 -96273 -39504 66513 61852 -55783 -90135 80074 26012 33611 32856 51960 10095 -9745 -46053 79632 -73148 -92175 -37505 39818 -48258 -718 -33245 -26601 10339 78022 -97667 -74370 -16839 95824 18833 74320 -73467 -98993
-5728 -95166 13546 -68650 -44616 76549 -78363 -93492 -9036 52279 14210 -44089 90874 -57204 22105 21924 47578 89727 1760 -93853 26799 20162 51026 -47823 -19285 42187 94697 -61799 67389 -29748 -89364 -56109 -58460 94321 -12094 -2767 -3446 92672 43861 18962 -57745 81361 50535 -82531 -3135 -67977 61442 -46341 54588 89607 81489 -88054 -8242 56335 80919 -93645 -86290 77788 -89339 -56068
-11407 -27072 -30260 57295 36433 -10979 -74564 97191 -21205 -29475 74293 93107 -14380 -48289 -24153 -52212 -932 -55418 90207 -95855 -83752 99916 85483 90934 81532 -13022 -828 -66990 95218 3473 -24510 85356 58765 -97142 -92139 29306 -95921 66835 607 67592 2393 -8328 21296 16800 -945 -26996 71042 -87730 -31951 -1379 -86611 31114 -3783 -25244 -54732 -63637 69647 -70661 -1784 17063
-71127 -8143 60966 4388 -40987 -7774 -76234 -97320 95899 -95945 18317 46522 -18594 -20593 -92140 -39708 95647 52376 -35910 18796 -92031 -68373 -72510 -5588 4657 -79854 24310 35580 -27322 21752 -42351 74602 -87834 74376 85908 -97965 -72162 -55921 -25494 55696 -49063 53440 -73648 81201 32751 2677 42666 19051 82266 65485 81041 26251 33383 -15981 86837 28744 -51488 -84123 22454 -14533
-99093 -35260 -12860 -88381 -40725 71353 23166 78645 -20026 -90494 48373 -43982 -4132 76513 -88705 76022 84348 -84847 6362 87835 83784 -47606 13898 34891 9708 -95225 -5275 -26412 94603 62184 -2793 48374 -59027 40052 88312 18192 -83351 -29332 69783 -92705 12951 8825 88414 68016 90011 74377 -81274 88193 62877 258 7859 -7107 -81272 50784 66407 21179 -54255 -565 -91610 -54524
-77628 -77182 -7508 -71280 49494 65175 -66611 -40747 4577 5792 -11024 -37454 80750 -72290 -79481 66344 49010 -5107 -180 -75409 83831 -75123 -1347 11227 -59959 -33516 63494 -9674 -51123 28204 -47888 27189 -51204 78363 -71839 -8515 18714 22578 -95185 -35506 -8404 59655 -33897 -81085 -30704 74109 84962 60359 43763 51937 71668 -83577 95047 782 -15574 35336 75282 -20680 6210 50005
14994 58881 -4366 -87493 14737 -46336 -98621 16808 -94991 -13535 67860 13312 96962 -2097 -48746 -31170 -8008 27158 -62083 71126 -90877 -30278 24140 -27432 89851 -49305 53341 86072 78424 36527 30169 -38581 -84216 -42743 88834 52821 -26070 -25731 -927 -86798 -73274 33618 -81335 83215 12094 -58680 -20425 73743 -90730 -92276 67581 -61213 84797 36181 -321 -37848 -6727 -64753 -78684 -38360
19669 36350 34739 31924 79031 42434 -25811 -21089 94777 -71300 38233 -73756 33698 74511 -2519 -4249 -2114 -35695 88588 90698 -9091 79022 -11635 19285 27766 -41210 -79616 -95299 -86555 -66224 10739 -22311 9481 31990 -4586 -85874 43489 27523 29339 32898 -93907 87625 -69119 -37627 -17836 93669 -8479 -88423 51080 -21673 28864 23568 -61726 -53067 -38080 -81577 96262 -40693 9309 -44937
-16939 -80041 -5472 -60210 -40811 -79587 64017 -14159 -18703 10245 50417 -71473 93270 81046 -13538 39480 88985 -68181 -23146 -18793 -61973 -98913 -71900 8729 -92995 7146 1907 18684 63984 -65488 -64204 55630 -56553 -39828 56248 -23162 6322 -91924 -62427 -93751 -70407 53026 69817 -33203 41828 7229 91477 82676 -64696 6646 -7844 33022 -43132 17791 36099 37629 -66093 -73247 53220 91768
-32740 -99215 -32845 -58209 -70918 -25948 -86470 4100 54875 -6755 -13072 -1985 -73775 -31329 62814 -76444 -85127 77534 50307 -3928 -50358 -60696 -96650 -24870 -44315 -92510 -76752 61398 75387 -84288 79034 46881 -53426 44451 -96810 94712 -94430 -76664 -16687 38318 -82050 -39955 -32635 42630 -72335 25288 -60138 -97890 93208 -13154 23140 -63501 34947 -33329 -4362 91985 -65352 70946 7947 98190
87699 -54811 89362 84004 -56338 55567 -94244 58613 98509 -26637 -28223 19963 -86856 -55730 86673 21533 21157 5153 -25729 -59870 -29878 55593 -66754 -89147 -15901 -82673 11444 -64888 45107 -63921 98330 -60948 18799 -93706 -58562 -85052 -38350 -73546 -72011 3913 -69594 -86971 57200 -70528 69283 68446 -45102 -49354 78998 -79002 38205 -3816 11064 -56197 90497 -16293 -53911 -73188 -11266 -81706
38807 -99767 28263 45675 99623 24983 27082 -57115 42240 72637 17625 -65189 -42894 34538 49961 40579 29439 -36340 -6986 66871 -86237 -71366 97233 -56858 -15379 49471 42583 99869 33103 -89312 26509 92112 34008 30667 87651 32924 56054 -7507 -14657 15167 10673 37612 2377 5308 71672 64183 11391 -87201 -69520 40308 -60706 19548 71424 -71145 29630 -28438 -16600 40724 -75278 23375
-60658 13843 89202 74506 14258 1343 -26132 -81897 49869 64590 4517 48995 19414 22906 -19575 37473 7535 73484 79871 17041 -18645 71864 22086 -38852 10891 35114 -32154 27029 4384 80985 30190 -63794 39853 44828 -17318 84582 62964 -55843 -12324 41161 -84827 -41776 -89524 -58491 81590 62467 26019 -38439 -37828 40328 40989 38623 55052 -43775 -34150 -20413 54866 -30246 -42166 -19056
10185 37311 59641 -6642 -53527 20381 70376 -97164 -10774 62411 -42291 20945 -84678 -18639 26633 -19825 88054 63965 11556 -24267 12015 83528 72749 44648 69983 -56477 -79885 -15329 -71730 36141 -77163 -73981 37287 -6204 15447 51510 28896 -57472 89315 92710 45764 21799 80821 -87035 72318 94467 -40046 95399 20656 7812 62291 28488 -90822 62190 29151 -86661 -55497 91319 -15315 58513
83420 77443 17931 16951 -27850 37004 54911 63656 74855 -28978 -12209 -77683 -71451 90933 47503 -79429 53809 -44718 -98636 75931 -39858 -78134 -86261 -89001 67665 -40074 84453 50904 11331 -70899 69909 91498 36187 -74940 88968 -54660 3486 55758 -25016 -55863 50705 50394 -94685 4311 53711 -5567 23222 -43266 49843 -79399 -40074 45561 39860 30205 -48308 -86953 -18673 -56985 10996 -16936
-13079 -55514 71962 23787 78114 -30417 31944 66606 -22687 20934 -14905 47746 91545 28383 -3252 -83121 -95332 51131 -87963 44476 -71967 8794 61730 20364 72828 62358 -98267 75773 -3663 27953 -82846 80017 29967 -81645 -795 -92245 -33885 -68722 51558 91692 29514 -92694 -99206 33937 42831 54375 -25774 93991 96427 -18773 20414 22961 -35097 53648 92038 87946 29634 87617 91786 -46037
72136 31181 -49345 -43042 19531 -9809 83894 -35831 -90854 58550 -11426 95215 -98099 64877 -65419 41559 -21134 99647 -44344 17241 52544 74903 10146 26194 94171 -47118 39997 44303 -76890 -40685 70677 21669 84837 46742 33427 -36298 -95591 26955 95124 -49476 -69653 82109 -70497 54550 -32163 23474 -82391 67309 51201 56241 -61341 20195 -66158 95527 -79543 23913 -32136 58971 67448 -79296
-56862 30392 -22954 -45137 76440 23671 -69800 -2300 -48622 26716 -9580 -93370 92081 -75748 -84444 -34662 62047 94292 97131 -26543 -526 -41732 36959 45412 60880 -62847 -1156 -85838 -12168 -37334 -96079 -48352 -62155 57629 -73925 -19046 -18595 12813 51783 -9570 80171 75107 -57292 -54006 -56560 23700 -53390 -89126 -25408 -2485 -65570 -20981 61656 37083 -41678 -25393 -56072 -87349 -81853 -9806
-78035 50436 -86609 91435 -32896 -27104 99340 51496 -27326 -8766 -62229 85602 13235 88974 -47494 30227 -52012 -27658 93762 -56492 -70163 -82457 38368 -30956 -48141 30046 305 -19420 40466 5739 -35419 -35321 -93738 -50781 -21806 -11852 79115 -61734 -4636 68997 -61519 -55551 99235 -85508 -82577 24410 1193 -83739 -8048 -21488 -66852 -82685 50392 -22711 63813 -27838 4701 -83572 -63935 -18527
-43132 25060 -7242 -6817 94210 90964 -8981 5952 -27087 97306 19856 -73553 84636 89513 19026 -9455 52312 5164 -23593 -41919 -68911 87991 83160 88653 -86806 13720 -34589 65639 69927 35609 -81393 -71772 91845 84468 -1533 56820 92253 -63318 -82214 -35163 -74487 -9115 -52904 -43678 -726 58245 14337 -78323 -85724 -13368 -32650 -98546 -46379 -49753 -92839 -29904 60941 19743 58347 -25002
-37069 -88720 -72655 21756 24215 3393 -36131 -82835 -61323 78915 21003 98195 36779 -85645 -22729 -42997 59320 -56163 -25893 48514 -32873 42136 64907 -22730 48053 -1171 96845 -57609 43350 70041 37321 -15757 -2049 93416 66931 59868 -8442 -72942 53634 -58617 -78068 19769 60214 -33405 -34876 -92763 56213 59455 -32527 -64471 33323 38780 -47593 -7947 692 -11148 54849 99582 56458 -66770
-41529 -66041 39325 75104 37451 -11662 46200 -80345 21334 -49599 -11576 38967 51016 43347 26541 -97715 83086 15147 -60497 -44943 4158 81694 -59367 34431 47248 -4065 57447 76683 -9584 -87432 -35700 74011 -81259 -24997 63826 81593 -10149 34519 5985 -86550 99543 41927 -96406 -64974 -57913 -71993 61274 79705 97622 68652 -70096 -95453 -91553 56539 42286 -19063 -50178 53317 25521 -1557
-88215 80510 46765 65076 17133 -77540 -60100 -1928 9021 -7899 28408 36381 -12275 -42727 -9012 -62162 -67954 53523 56493 21814 67434 -37336 94976 -74157 95403 -13729 58544 64194 -63085 22969 94669 -95907 -77213 -82804 12240 44934 -21812 -33649 -31469 565 49664 56094 -23898 68332 26588 -13527 1952 62916 -59260 -15652 1001 -98076 35538 21263 -4371 -16576 62794 -90203 -36041 -1996
87983 58633 74007 -1691 56947 -22117 69640 -40840 -29427 87487 -41698 -19576 -77180 -3327 -97107 -83036 -24706 49610 -68707 58774 -84306 13297 35300 -67730 1484 50667 21059 12072 57519 -90736 -40770 -69890 88003 72772 85703 6317 37814 85938 74320 -86822 -4815 -98753 50945 -67597 -8051 -20705 781 91361 -16745 62530 2556 98792 37746 89331 93242 -38082 15737 985 -12435 50269
-90988 15876 -78766 57247 -35200 35519 95821 -78549 -96221 66481 33328 -97890 -79067 75921 3332 41163 -45649 61193 -77606 -14014 94750 70133 6000 34868 85819 34761 15714 -50817 68182 50324 97758 80711 75716 -90857 5850 -26338 36665 -98960 80321 951 -5869 -22350 -76262 65069 4613 81491 -56015 13413 -9646 29013 -58418 -36637 50047 20465 24317 78320 13677 -7293 -59858 48894
28796 11344 82013 41042 -72446 -11525 -29218 -64075 50586 -12736 -6797 8200 79378 49258 21802 -13660 33435 -37707 18588 84775 -7377 -20350 35842 14157 41655 83962 -73524 -84184 91643 -8755 -32039 -98961 -28477 91943 -58854 5077 -99600 -33042 -26863 58614 -76634 -29466 -70609 81274 58665 -92262 3488 38442 -87711 -7162 -66057 -21718 68605 -9386 63413 16865 -15150 96409 -44363 -98140
-86794 -87318 -81057 -82226 -60230 -89851 -48170 71137 82717 -23966 22277 92036 -22044 62125 54662 75849 66695 17263 42537 -51501 52725 7247 55802 -33038 -54753 -75999 72318 -13537 92415 55094 -9919 -18562 -61941 75746 -18169 77541 -92804 -75150 -51817 47866 99590 -30643 41702 36550 -22180 64784 67745 -6065 -29199 -27660 2977 -10382 56579 4407 42440 -64992 51593 88284 45276 46862
-42171 -53175 -40539 86208 -99832 -14577 18956 78880 -64084 13844 -40586 19539 -20486 37540 -97607 39419 -43509 28336 -58367 -79920 1326 -98722 -85592 91906 95677 -57830 99028 -12001 55963 -24506 -50385 -49068 41809 73058 -73808 95991 -20534 49237 38929 -52323 -83350 44308 -22686 22969 -8037 -9242 90938 50210 3895 62877 51858 -9268 56470 35233 -9607 -17895 -20028 59238 80283 53640
30096 87879 86962 57271 -19461 37047 11383 48026 -75047 -41389 -94794 -84470 14547 -16884 -78816 -48677 -34651 -5258 14507 -44218 73007 32391 29836 -13231 827 26857 21640 59569 48207 -7252 21109 -67601 46378 46991 -79150 19138 -78433 45155 -87477 82363 32633 -90849 20529 52396 -32721 -66992 -2565 -23082 64435 -9315 23451 -83661 -1493 32889 82991 51237 -42261 11722 42046 -22314
-50226 11116 86100 -81010 -66839 88059 66573 14302 51727 30720 21908 36481 98760 -11151 -91785 -15578 34747 80574 72208 -27332 -72388 -23206 -34825 -99576 81920 -6736 67719 -13735 -24617 -36267 -81963 -92134 -42838 8928 35232 26900 54487 -60420 -16354 64819 54027 16127 38602 -57323 -48612 -98187 -72732 -79279 21694 74710 70622 61278 -35532 -81040 -17755 -21718 41471 -26579 59584 18735
-39659 -61878 -78477 -55105 88173 -10969 -10741 -47388 -17339 84664 82268 52947 -59276 -84760 98577 -31712 61083 17400 15378 -359 -56219 99701 -76799 16124 44944 45875 13409 -43135 29558 39686 -69347 -57551 -93487 -95278 97900 54006 -76500 87005 -49730 -98814 67987 -95869 51421 -59029 -12902 48303 -14682 97728 92138 37857 51091 40100 62188 -37833 -6319 -83695 -25539 88807 59058 -73961
21156 15442 -58486 96799 54775 -30013 -6559 -48535 10437 74138 33286 -3965 13958 -63664 -5303 73218 -87325 -31662 -13880 -65838 -68189 89356 60911 -98856 -91489 -85945 38942 96402 -17161 33686 95 -72110 44332 -8229 -58830 -40950 -54879 -53539 31229 -99941 54835 -61369 -8239 -15737 46167 79233 73592 -77824 -75277 -86616 -49920 11407 72787 79019 32580 99211 46740 92337 2527 -21647
-40202 -64590 84579 -59374 51055 -67099 86041 15395 78805 14443 37296 86073 74919 52533 45409 -12973 -29355 30619 -23982 88912 -99474 -63907 -39962 -9195 30895 -70322 76107 42264 -70719 9902 48396 88427 -51697 -78280 9435 -86766 -38532 60216 -96212 -35135 -64434 -48970 6658 59016 -23124 63983 44620 84569 26601 -25753 85926 -38598 -42884 -9039 90805 -59145 57946 -56688 27551 46860
19588 -77884 -12090 14643 -60880 11831 62884 86913 836 -31566 89902 21038 -13059 -81424 85545 -21840 -30454 -3184 84689 33267 83015 34843 -81895 -62461 -9363 -97935 -4932 61300 95933 -74209 -54887 23048 86921 -707 -55854 73416 -20069 -96950 70429 -29481 -95903 62260 78926 63974 -84205 -88564 -18183 76714 -22232 -33343 -18970 -66703 -75457 74847 -56712 -3606 -58958 10324 -98650 -28463
-52367 64424 16865 40967 -92304 -87548 -20246 -67285 -588 -17272 -4717 -20791 13354 -98344 76550 -66474 -6486 22419 -43626 27215 17598 70857 50973 4370 -49171 3903 22389 -22710 77358 53764 -32561 -70256 -77512 54610 793 9433 -90728 39559 -59186 -82842 85692 94546 97908 -15536 -46550 99626 11293 -68398 -11340 -74319 -4491 -93901 -99224 37055 -65284 -14552 42255 78758 -54452 4834
-54069 93267 21118 -11311 -81557 35356 -87413 94754 80322 93919 5019 73791 -34517 -83348 4223 -39040 -3057 -26365 -41095 1972 -58327 -91927 77500 -3568 84933 57544 -92573 31368 -35887 -55807 29087 84157 46402 -91493 15754 77741 61224 96071 -68129 -47918 -97834 38697 -75402 -59914 -16062 -46083 63936 74594 12144 -39836 -31576 97773 95164 -38914 17753 84839 -2387 -23669 -15781 35290
-73685 1484 9539 -37624 99034 -38169 52389 99929 40965 -15341 -69838 -40562 -95093 -50120 -37772 83215 -49292 -86264 51724 22333 -17928 -31006 -80189 32853 32191 -33156 -19702 -91313 -61482 15479 78347 -94751 55959 23148 -8059 69522 -11727 84380 -50373 6907 23236 91380 -87326 27575 40625 -52183 -12929 -22039 23890 29245 -87185 36133 85260 -61771 -16529 -61703 -37750 47825 30159 -57776
85021 -47129 38954 -86763 42429 -55769 -62597 80786 1780 34185 -18143 8049 -17002 83538 -53042 -25179 11807 -45581 55959 14726 -82832 94355 -41153 45324 -24143 -23765 49346 -44975 -85588 -81465 1068 -28271 -35115 54152 -47294 -7056 -40703 -99897 -10416 -58836 93999 -90457 78867 54460 -26922 44164 12830 -40556 -80832 27953 29221 78758 2767 44882 86173 42110 44006 -43696 -23914 -76291
95341 -17407 -67644 -61092 -81944 23388 1419 59923 -80445 -94112 -2707 -76313 57995 -57184 6045 67056 12465 -3546 -17975 -17779 81129 92380 8249 37023 -51181 -61129 77448 8406 -33727 -91320 -89686 1625 92204 -71951 -86528 -4776 -78242 -20324 -78516 -17454 -51415 43191 -37578 -60891 25494 -96901 -74163 -75429 -64551 37438 98407 -23866 38808 -43437 -93860 12783 -64511 53795 26968 4020
46648 35536 -83131 -42688 -51870 65535 -56413 -74626 42684 25525 65569 73422 79901 60476 47664 -36155 82163 67147 54852 23082 24002 95788 11669 41940 -37960 -66881 48240 -35059 34813 40681 60435 31778 13686 37540 -11901 -15833 -20743 -73763 57458 85832 -69278 54481 97108 69071 -3112 -49195 -40373 -21341 35749 4910 -74392 -41132 -51166 -94356 -26274 -94472 -38230 -82395 -40151 84683
84327 40156 54746 -19679 19500 -58012 -45450 -19360 -46722 32162 -38417 -61362 61971 50406 -22067 78068 -46949 30819 -93253 -67720 94816 29600 -99797 -24469 41765 -70424 -72668 -26336 98444 -80814 27679 85122 -57444 56772 -43926 83549 -74352 63690 -62156 75328 14589 96140 37188 -33305 21527 2411 21590 37674 28636 2943 -64413 -64385 -22678 -91378 45627 35700 -57823 73366 46742 -3276
-20992 6987 64443 26942 41026 -71672 -38990 73355 -94761 -6663 80275 -93035 45207 99979 88371 53976 83748 496 -57968 -62185 -60198 -65077 -25824 -38921 50609 86743 99827 23652 -70649 -53917 -67512 74926 73183 34251 -5775 23543 87988 42911 -16426 -13051 37604 -85937 -43005 -66741 -50117 94092 -41195 42412 -83508 27332 35144 57422 80325 75320 -82099 54988 12307 29401 83948 -69621
60 80
-79725 82117 -76596 -64235 -79392 93818 -94702 -55697 -34448 -99545 -47804 -71407 42327 36390 87267 10264 43262 -18004 -63710 -67137 54163 -90266 -67202 -77787 80270 -81337 -32875 39728 63051 18853 -6027 -69114 -58539 1573 71007 35602 49796 42581 -92501 -85605 -69836 5226 -85400 -46259 82248 82829 44641 -56060 -33683 69117 49810 -191 -67386 -88001 -82059 73867 60083 -32349 6831 -19874 24849 -68628 96659 -75930 -18965 -54067 -91895 -12740 65615 -90359 -29316 -42563 32136 -37884 -81444 87710 62737 51862 -895 -67204
76839 30839 -76317 -7676 -17627 82805 67769 10188 3688 -53579 43963 -27692 87059 89240 4948 27640 -14516 20358 -63960 -33264 -42967 26306 24880 83821 64797 -68118 93038 -33604 -25148 75976 89401 83178 -91516 45953 -3285 15658 77132 34561 -66559 -25496 65498 91189 -16871 17516 39037 -15064 45924 -28774 -74490 -10024 83281 -35962 94449 29333 -68959 50068 6801 -36556 75056 -93767 -75340 -91341 24984 -6385 -6450 96700 -91328 -89756 -76361 -66734 92793 42899 4702 -65608 56644 -97006 -78279 28207 -87538 92293
-64435 76670 82211 93936 -90752 -94312 6749 64105 59259 53387 -16564 -2104 -34248 61014 25951 20733 35758 -23369 -80724 23478 36166 -53183 -54319 54027 -48574 60302 96197 -22520 -21452 83910 -15741 -39669 39317 59155 -83494 -15559 89333 -95701 22393 53697 74246 1019 -14330 84226 9892 21899 -80571 -69059 -26460 70536 -40128 -3169 84723 -28940 -89741 -37529 -71931 -49517 -72248 -91714 -27829 -19150 80308 86256 29458 -65468 24547 -37951 97064 18272 -38146 -69344 -93735 81341 46103 54989 -55691 17661 26403 -91066
75084 -77773 -21903 -59146 -76929 81990 -17053 -66207 36631 10806 71744 80084 -79695 -39801 27545 87720 -91864 -10498 -55795 67504 79781 -93386 -1040 75543 58403 -15371 -86330 39747 -93963 13695 -88791 -66792 -10394 45241 -44900 89975 64266 73219 58103 22379 82062 5464 1960 -18387 54806 84680 -52523 18138 -77758 -44333 34626 25108 -18867 30656 -42489 33103 87728 -1252 83144 39407 -59279 -40140 10007 44941 -89946 -37750 -22161 -65293 4249 -80225 -32265 -31712 18470 -81103 -13608 -2825 -93044 52308 -5521 40462
66843 -916 54127 -63104 93226 69465 85508 98809 4726 96754 -59384 -75850 88552 18683 66163 -5590 62681 -80484 76888 -66478 -93836 -73321 15912 98631 -16968 99764 -33292 48948 9138 24983 -19646 44533 44598 -55556 -36671 -99536 -92469 -50331 1105 -59984 -17118 -4907 65131 -98073 -66233 5589 -66294 8493 -94808 96485 -40467 -68137 -28018 12848 -20560 95850 59065 -74148 -92455 -70703 -9763 11598 -11505 40039 80271 43863 83626 -63814 25616 -63291 36432 -12625 -41645 21579 74271 39174 -95517 18676 2902 -9905
-61798 -45470 11606 80951 -21557 13797 -18333 94336 -63423 -99577 -34585 -61053 88927 54885 -69584 74737 27812 48850 53015 -76679 -25245 -25114 73276 -2744 -56444 -44117 -53291 55681 -99625 -63303 80678 11591 -12659 48091 -81686 -16269 90426 8849 -56353 -29126 85354 -17454 36382 -59911 -17464 -80706 -81760 53111 28173 -39298 6812 -8453 -32580 -28721 28083 -61403 -84201 96452 7483 -44303 -56314 22805 79835 49889 -57230 -36335 95212 -53652 -41969 -41794 -49141 -49898 14558 -37091 86252 -1368 85528 -38934 -74784 -91311
-41512 -75928 -18117 83062 -29748 -50623 -4302 -56897 -66629 -58655 28410 45728 -83310 29462 -81780 77829 -40405 74100 -71429 23329 -89977 46233 -62925 -87824 13222 37217 -63754 -50159 -80718 -58552 -81892 -6846 -2286 18909 3407 -7356 73401 96134 8988 -87751 450 54269 -28424 93638 -82522 27071 -95775 -77911 -28042 -49576 -43033 -6561 75443 4071 -95001 -8875 89716 61647 -20396 6855 56110 -42419 52091 33960 73370 21166 4148 26945 84580 -42843 -59370 -18332 14982 32496 -6303 39126 24650 -24543 -97503 13112
73949 -74736 -25828 -96229 9246 43907 -83933 12199 2762 -54233 -25100 -14442 72360 56655 -13777 69371 -76529 -33266 -36021 -68269 -90815 77588 -70843 -65026 75269 2451 50605 45209 -37337 -41981 48933 22539 -20682 -23485 -8124 33446 48833 -17404 29469 -99650 -39948 -38437 8806 -93650 10863 49621 69300 43895 44205 -26704 -7458 -82933 -54607 -30366 55206 849 -89367 -30927 69566 9794 95251 -76869 -26488 -82675 -76131 -9187 6047 -58129 -33000 4141 -89014 -84444 69553 32904 87223 51665 -66721 54419 99350 -27232
49737 -82370 -48445 97941 46886 -61130 -68706 96145 31064 1677 48012 50668 -54814 -52137 -64664 -2463 48921 54678 -38434 47443 -35293 35233 -77171 -61924 61443 -30893 -87418 91523 48853 71584 -83 92057 39047 -17627 -55050 518 81278 6961 -95783 -13685 -48722 66381 -58622 73224 -90083 78747 23200 80244 99725 47494 -3342 -97069 28358 65242 -41767 -62807 -33780 94535 -87054 55447 83259 87394 20172 -73893 38843 58343 15280 584 95700 23291 -65285 -24430 17878 -55086 32538 -78900 -36151 -12897 17575 -29308
-98131 -83420 -93849 78825 -19429 53607 -87470 28679 -84857 -11249 -47934 -80112 -49828 71799 -43814 22963 74459 -35828 -84999 4555 43327 -72228 50045 -56909 91834 -20784 757 52827 -62490 -50258 -64420 -91043 55641 55351 56729 -31140 84854 34197 -62015 -93853 -80191 21423 26322 95790 57078 -84463 61971 60548 30235 -10141 -81389 71995 58972 52134 -71380 18126 64655 79025 -67475 -65530 -74868 48834 68732 -53075 34973 40073 95690 86859 36331 -58081 -52263 -99520 -7663 63773 37385 -59677 89996 77548 -76061 86372
-20023 86292 -58861 -8936 -89931 -47233 55991 -47212 -76182 -10083 27012 -87947 -46211 38165 17137 -61691 88904 28138 -36115 91975 -92229 -16013 90585 60730 17271 23695 -61397 -4076 -67756 45309 91823 20329 -59646 89615 67064 40104 -62377 91116 40836 -26290 60746 95733 82473 -3929 -27324 53791 -60400 76555 42715 13259 75656 -87347 -60140 70339 -97618 25241 60497 55510 -22603 -4861 55310 86185 97386 -37851 31726 59212 73183 -95265 31239 -7368 68277 -49261 -96221 66216 -77527 -52629 84068 -80126 98528 -77903
-33100 -17891 -67524 22643 -69761 -43327 7234 10078 3874 39037 42364 75199 -1296 66797 93275 -44114 80804 34853 -24508 -65940 67458 -56344 -28178 -13101 -9550 -69727 22021 -21218 32899 -3278 96490 -94620 82209 41931 56322 -40322 86129 13736 -16455 -62161 33601 35148 80751 -52673 -75347 -6953 3263 -74727 -25284 7204 -55407 -99523 -85102 -63606 -37020 59622 38576 77506 7913 -36984 1462 96937 24360 -55297 72973 80023 -20489 -30918 62203 18769 97099 -42137 22660 52370 -70120 62439 -46267 80566 87654 54141
83031 -92577 -40498 45144 -92024 -59459 -91144 22281 -17404 -37722 -84868 63965 288 5716 41076 -67055 41608 -31898 31794 -93141 84680 -2147 83720 22791 47202 27227 91396 -66118 53422 -8443 -3299 86908 -88111 43929 -64282 81399 67947 -55763 62392 44585 -92859 92306 -79079 89673 -77537 -34091 84780 -25999 25323 19495 19990 -48509 44965 -30463 3545 -53062 -206 32533 45941 15851 -71145 -51989 -56000 32268 -22598 93202 11801 93176 83534 -90289 79628 38714 -42516 -87001 -57999 29789 -62493 -94641 -85081 87668
22250 -32504 -60309 -39013 -37130 -69881 38481 -12771 -67860 6126 81460 168 87415 -91519 -41266 -51531 63736 10253 56954 -83155 18168 43822 -63583 96729 -77044 30785 -50161 -44489 -3119 -95008 -54305 -79414 25158 -35609 82645 77918 80929 -33351 -28990 -94575 59278 -15084 -81718 -12199 72518 16446 -16623 1696 28337 19179 81138 81527 -94407 7023 25655 97245 73298 -34617 52653 91945 -99964 -56148 -63569 -71402 -58501 69951 86826 29389 -14395 -9002 -15580 34009 22554 36310 -15459 -99038 -62669 88580 -79437 82885
27671 -83770 -67811 72301 29248 -24302 -65982 -91649 -3233 74009 -17777 18205 90221 -65988 -17172 -13752 -23007 92512 93572 27226 -95424 -94867 -38037 29010 -63276 -68386 -15614 -44452 -59481 -20176 49715 -84309 46682 -59616 -53492 -12053 54317 12324 90697 92216 -63612 8741 -75315 -15640 87906 74932 49689 48854 -18425 4645 81555 91462 67594 47355 -92577 63380 35742 5375 72408 60723 -26553 -31193 94552 48752 90480 -4224 88613 -71542 -42932 -78467 5425 83795 -94013 36157 36294 -52388 -32508 16044 26187 47826
64271 13360 -41437 -53151 -41704 21995 -91776 73051 29735 94928 64105 2861 34585 -83039 -68763 -87017 -35722 -81919 13619 -93613 40078 -27853 84033 -66360 67924 90973 46983 7272 31922 -65182 71294 -36923 11948 -73795 82541 -75857 -35670 86765 -57645 -6056 10224 14094 -1277 -65419 87836 -65267 8764 -77513 40506 -9602 -12066 49258 26206 51647 18136 -86577 -52398 43875 -91220 36304 -40537 -67217 9598 -5728 -65272 34232 -15557 -25871 -25858 12120 70282 -78557 18596 -85718 -58435 84210 92444 -39442 38111 -77466
23404 -56587 -30402 -80326 -4931 84534 -88969 32211 -33704 -69834 -99852 99326 -65758 46726 -8963 76723 5817 -66993 9269 -42458 61649 -48138 -15689 93692 10958 8465 75388 -87408 74767 -26114 48828 -66105 49003 -38700 -27414 32509 20057 61473 -24949 -65034 24135 59128 -61887 27265 40086 43236 87528 -94603 84926 19919 -57286 -4769 11009 -29826 20064 -42127 -38633 -10910 -49255 61356 -11649 71730 728 41615 6540 -37098 70146 -63984 81831 7923 -8381 -41304 -40201 97542 84604 16600 21665 -85637 85796 -30472
48270 55851 -95628 -24181 -29543 89753 22562 -98722 89555 -39297 22409 -5786 -63547 -45530 -98206 29466 -47745 17256 37718 -5367 -89192 42129 -13072 -23054 -26136 41912 17882 31843 -87551 -12540 98077 -15385 65552 -76748 -89826 -97224 33285 58228 -50701 88294 36618 -98557 -51750 3250 -26154 -97819 -37077 -57044 32994 11940 -45442 -77675 4247 -77345 96066 -38446 -24568 52026 77030 -15638 59148 -96037 -34308 95265 -96493 -27136 94873 51281 50178 -55526 16148 -28453 -50321 49862 -78061 40929 -21500 -31801 -92919 -8366
-47328 -68489 -26299 -19775 -99835 45110 48277 30851 -64720 -66441 63530 24131 -28823 75116 -23363 94445 -25266 15634 41978 49683 21990 -19250 -74029 -82727 55765 3222 65199 -91797 56596 26428 99809 -64525 -70894 -26175 -30526 -78256 70520 -32521 28952 4240 -25158 -46936 -33399 26904 12213 -61347 -94910 -4292 84914 18582 72185 79825 -49928 -10572 -21794 -8452 -56013 47386 42968 -27134 -44608 -94517 66963 -7223 -50065 4476 48650 -99065 69278 72682 49697 97310 5525 90550 61028 -26266 81323 -61496 -33085 -71748
14288 89638 -86803 95013 -14841 34509 42575 35459 23684 -1179 -264 21456 43700 -9147 78988 -18266 52266 11994 -22885 -81856 12619 76272 44314 96719 75083 -45446 -99813 -44115 91779 -49451 -39446 -8679 -27351 -23865 -63744 -95381 72325 -78708 -91263 -77316 -45585 56581 61849 60560 -99542 -53222 88995 40028 29885 71389 -92186 65381 73422 -79846 85977 26700 27308 41836 7149 38087 82857 50318 24681 -77214 -45162 77235 70939 -57806 -7308 15931 -13048 -86335 -84798 -1716 28092 -28992 -94473 -99350 74050 -56345
79392 -23003 -7714 -33174 -61289 46585 -51936 94386 59645 -19480 -56046 -74673 9064 63425 -16668 -54479 -32655 -21362 14443 -22644 -37091 29056 25183 20545 493 -14159 -33648 -52772 -81501 -41147 -80125 -10653 27866 79984 49591 67229 -24057 -13227 40309 -20698 -94840 1751 68879 10311 54703 65961 -84936 68008 52373 95089 -43053 56142 40506 57119 17378 -90308 54272 -23275 77983 -78462 -55269 -25973 55489 -74752 55081 -51707 83401 44476 98504 -44720 46682 50236 92569 99546 -45580 1447 -32860 -73688 42591 89257
-71296 -87278 -79538 77139 -51489 -71608 -79141 -77846 -31592 -21644 25524 -56543 -94236 -23661 33317 -74736 -34496 -581 294 -91278 82275 16138 98561 40470 90283 50594 27724 -13735 96146 -1371 -18902 -22801 55864 9118 -681 -21018 30285 54778 -65133 -15772 74439 87557 -43660 19312 77036 54175 -14535 59938 99697 -96080 14148 -76505 50730 -16402 11368 -88448 57323 90214 74460 -58848 14463 -41745 -50490 51775 9634 -45790 -79782 -61157 -30529 86579 19103 4444 -17372 -95054 -12585 -303 -34506 43953 -53211 10261
81976 1266 86790 -94063 64934 -38825 -92900 95146 94208 75371 -3353 -63881 -93434 -26223 78254 76209 -90042 -58260 -56915 -48255 -45595 71939 -55604 -42451 46294 46945 -39883 -52820 -77174 61504 -48028 93972 40519 53191 -18019 -26116 -80010 51667 -77792 1693 -59570 -37262 -51617 95452 37879 -11374 -46480 49999 -50843 -23174 -64107 63468 62008 89574 -17281 -75662 -48447 13844 16152 3715 -82584 -39442 -32424 -92028 78491 81504 41577 15725 -869 49585 11174 74728 -83243 -3797 5851 47909 69751 -96269 88480 -99658
41809 39121 26209 61589 -49995 26195 -92948 14880 4606 -73533 -86480 98478 39873 -35863 57967 40437 88758 76710 -66034 -98344 83406 92973 -56665 3335 -89634 69710 21870 -36678 75272 64801 -43134 -9428 -20897 -40924 -89582 75798 2189 -10288 -96692 41169 59214 -47570 -26815 20915 75014 -68646 -47338 2133 -59291 -39840 -16764 83990 -44634 -47528 -80863 87015 -3783 -18630 37013 -60538 47081 81462 -94260 90016 -42253 -48798 -3241 58900 -66088 67641 38697 -50182 -45759 -78282 -38179 -31992 4656 -25376 -24632 -74149
-94641 29959 -80004 -16965 -79710 -3921 -41488 -52442 80435 9467 98563 -27078 -77639 31393 22175 -23368 68235 -47048 -42532 40283 -99216 -72446 -23675 206 -91788 -62178 -30097 -11356 -56878 21869 84238 -96593 -56212 -60650 -82513 67963 -47570 91486 42881 -82823 -14909 -37998 -96656 -53146 11570 93384 -98042 -28361 76146 -99920 -88608 38470 -7810 -44957 -23555 -28021 -88995 4034 -32811 74559 60550 -4901 -97256 96509 -91658 63939 -15496 88242 -55314 92609 24908 -8262 -2960 57929 98262 -25943 72213 54629 -20230 22696
66124 66931 -33248 76144 3563 36096 22272 -16638 98654 74213 58645 41724 95745 17537 -55176 -81845 31720 7006 -20570 -27004 67564 22377 97401 39082 37195 73669 72799 69235 87586 37698 45472 -24539 12251 -67740 -47943 -81656 59139 -41594 6765 20449 76899 18996 28219 -76937 62010 -89987 35921 -41540 26392 -72701 52097 21072 25951 56070 -10952 -40260 -96720 -14622 82053 -92310 -49677 85540 63692 -24124 -89051 -10298 -2412 77415 -91696 6756 97283 170 4156 -83498 -96462 53906 50501 68779 437 44583
28043 93068 44256 -50390 14082 -487 -36188 21125 -59830 55713 -86157 31276 44583 76184 4456 -52227 -50621 63307 -16734 37093 83344 28356 25874 18635 33249 24870 24934 -45236 -69788 -88382 48371 -71325 -6171 -61619 -82511 -39498 -68904 -42903 61580 -4592 7844 -30668 -98260 -39377 82557 15876 28319 24581 -22888 -44407 98865 50193 48310 -45758 -28373 -85893 45899 53059 -62734 -13048 51892 -43712 55014 -4907 -6952 -1921 -97559 70290 81969 -57966 57353 -84994 -26397 87493 17079 30707 79292 -90832 19252 79305
52753 24721 -12040 -39476 99077 -74465 14109 27365 71340 -4874 -5331 -79294 91713 94996 19610 -48020 -77296 51875 27877 86279 42794 85682 58679 -36024 -30189 9917 42066 -92469 -10534 97608 -36562 -2719 -77149 85482 -48588 75874 -23014 -41506 -91008 -34929 30770 6259 30290 -95627 96837 99758 3590 -39408 -8263 -89241 -64912 60637 -80744 7652 -39825 51179 78829 32530 -62639 76353 33644 -58719 40304 53226 -60290 -11788 -30559 73361 -49628 93664 -83193 15198 23801 -6411 31430 49283 67556 15853 45443 -57361
40639 15255 -39001 53651 -65359 17620 87592 -34900 18705 -14306 26198 -31232 -97855 -20318 -80082 22257 -43674 96149 -40680 52774 -28730 -75856 44599 -74752 35923 -25922 -64818 -44252 -15810 40363 96616 -60479 -8294 53119 -86049 -36139 5326 46459 -63318 -59903 90277 -71666 -57430 94059 61278 48418 -2742 55577 -33351 5347 77831 -32137 -11517 10817 -52151 33827 -78994 -53297 31819 62946 -58316 -74921 32605 9512 74978 43549 -6417 12074 20610 -51692 65189 42256 94669 -82061 86438 70551 -61550 -90801 -49687 -52986
-32703 12200 -42748 931 90451 -26045 39984 24360 -62317 75745 17903 -58358 27433 21777 -11837 -45812 -24373 -63330 -41887 14104 26497 -86886 28679 75616 -74957 -53561 -28191 50838 83565 -92322 -11531 94197 -622 99723 316 -618 80148 -58453 -87204 -36062 -93442 -98349 -42012 -49996 25550 24471 -94446 -92455 10437 72857 -91207 -38659 -2739 86959 -57141 -27528 89055 -85133 46781 -30912 41067 -52160 -50829 -81580 14025 -46437 67758 66531 -25463 22093 94162 -23848 66366 48312 90811 -80754 97818 86661 99915 82400
4155 33018 44538 -72906 -55578 6652 -70444 5216 -55680 11833 12243 -25933 -48553 23056 -78834 -89692 -30451 2056 -14265 8467 -98805 -67227 -74676 -27532 -20731 66504 48579 45869 7911 -82923 -33389 -46522 24055 -88518 35127 94576 -9721 10840 71699 -42785 62279 -36562 6913 97719 2937 25459 -13509 32052 -70774 -98400 -54260 -58890 90995 19013 25751 51049 -61532 7215 -343 -34300 -38450 89037 42426 -25511 40093 -39558 -19634 33176 -24083 77277 6050 88846 98344 56699 -47029 51514 -93515 -28259 -75202 -12320
-73269 -28110 61609 445 -75212 9181 83913 39149 -63872 26326 -5356 31682 -36081 -39133 1149 -61722 52283 -44484 -16785 -88012 85608 75897 38098 -4183 -54033 -64099 38573 96472 16830 -24017 41868 -59194 -24631 64796 886 -83813 21593 -49590 -93932 66509 -44326 56501 -32478 88326 82498 10835 47446 -80443 80974 -22667 5395 3926 -90412 69526 90408 -18625 30015 13943 -58789 -62067 -82596 39444 3165 -95653 98360 3903 87429 -58925 95784 35921 -71742 -4078 42944 -15115 61315 -5337 -35025 96743 18938 -72986
-98431 57922 -56666 -74157 -43367 -40831 -82895 33822 73215 -14892 -79913 -16296 -44166 2389 -3912 -5100 -77400 -39218 32126 -93263 21240 75039 -56551 -73940 -12681 19893 88489 12988 7965 76550 32616 -72510 9526 94499 -52267 54665 48896 91867 -81596 -33917 63325 -17471 20894 -24988 55625 -16404 87332 -66766 -64333 71557 -48777 27341 87305 -25583 -69379 77889 -90933 -26838 -70737 37482 -44581 10880 -85741 -26851 1156 98451 -73085 4626 73571 7094 59409 47024 74273 8711 -65379 -46100 -27535 -27541 60892 59741
-79173 28367 57794 78920 -23332 -46188 -83569 35536 -58348 14644 27087 78604 57893 -20388 -58079 79866 -17359 -73007 -91510 16520 -93938 -70790 -4273 22186 5671 11483 -1615 -76730 97507 20366 -20654 -13632 20506 -70749 -38342 6478 -13045 18778 29506 -26982 20760 17153 27689 85712 -12007 -31487 -2962 -38950 47072 -54644 -64442 -77591 -4737 -27963 -79799 -36516 43306 69762 -1313 1089 -86083 -56352 -3919 -5026 -11748 8487 84354 -2029 94606 62635 -85149 -7046 -46877 -36315 -7781 -52704 11633 -87958 29539 67475
-67184 51810 67576 73077 83797 59998 68096 -25298 35442 -77683 -68040 16471 72911 -90384 -76980 58510 56023 -32181 -97996 -91297 92991 -9775 -42531 94274 58395 -90602 55401 -35897 -81291 27606 10090 -91409 -42452 85975 98363 2224 -4882 98326 -62197 14399 -9838 -94763 34004 87368 -89109 7718 -63315 -82172 68909 -32119 98276 -46074 54405 -67626 27204 -49290 3119 66549 -89813 55720 8109 43586 70719 54037 95030 98613 -20183 -83653 -73410 -31727 -70902 70600 49078 -53538 31507 35032 9163 59445 -60856 -47157
65828 -88367 -46880 77024 -65301 -3159 -97363 -63616 -69244 15705 49730 -4331 -40305 88061 -15925 17462 -37055 -14108 -84091 -74449 -62455 90230 2555 -59483 -9185 84686 -295 -18665 63756 34991 1996 36431 -1252 -6189 -5470 -44690 120 69899 39315 72978 -32564 60335 8467 55529 59935 -51803 -7896 51549 -39417 -33506 -22554 4046 42768 -23801 33356 -20556 49614 32085 -58905 86633 -53410 -97598 -82510 22812 -41227 6656 33564 -92821 85887 25977 -83097 52505 -51373 -79643 53732 -97073 1986 12739 -73173 -36590
-58238 14747 39203 -3165 43985 -40878 86980 -93777 -46477 33351 -17610 -99062 17184 87554 -52100 31554 67554 2672 15362 57465 -96475 -31195 -34897 -45336 71802 -3112 9941 -83264 89133 16792 -93782 59884 72029 6824 -96239 39792 -13815 59992 -22453 -47123 76327 30637 72014 -89163 -37677 76608 92699 -44441 -29718 -21814 -61190 18964 -41079 78249 -88580 46243 -92844 -84793 -31562 -13665 -4049 -3855 82244 5701 -84393 51159 40922 -5954 -16108 -35907 53704 -34623 68428 24718 -15384 -85614 68636 -8673 -50463 -73700
50201 73863 -30820 77790 -46487 23885 87704 16419 -68354 -8847 -78036 66932 31721 87706 -94547 60805 20706 -27896 -33742 1645 -8150 69222 99728 97048 -11570 42865 -77129 82575 19513 39702 65142 50373 21074 -17785 -48364 60749 13764 -94664 85624 56743 18231 54861 81720 78429 -57932 -94466 99816 83271 -72139 -13855 -75079 58611 -41230 21327 76135 94159 80708 65506 -6061 78092 98255 98580 31632 13949 4723 50984 64401 -32684 22454 62129 9259 -36614 -23324 57022 -92793 -26303 -82628 -40601 -39597 -91792
-48682 -71350 8176 -35944 -23486 -48714 88489 86053 -28406 -68599 -37037 -8457 8679 13248 51823 24367 -57706 64734 74918 -61826 84889 -72833 11673 33429 -90577 -37361 11323 80116 42543 45091 67124 -67523 -35164 99859 -12880 -20170 -27785 -16857 28114 98890 46946 65230 -68221 -58485 -11659 53981 -19997 -72457 -86332 99897 32505 -63900 66049 -15867 7132 51927 72220 -89614 -51 89526 11346 -35743 -11483 26232 -61506 -84663 95982 18606 -29546 16687 -98710 81852 -53308 -55016 48524 40648 96545 94616 84887 -80901
-51403 21735 -27313 -47834 -54736 -30891 53367 47730 23054 1771 -1614 -87617 76862 42216 67296 -999 -56083 46823 -82949 48699 87545 44867 -99782 -95195 -78203 73146 60298 -99813 29813 -82056 64945 -16145 -95450 46591 -12354 6979 46528 -84233 -12293 -8569 67944 11280 97772 -23436 92209 -32407 -33863 39794 31913 -56848 35373 26261 93561 43075 -21640 -35536 46190 -72603 -80408 -48467 -38256 -2432 53853 49812 -33823 25992 -55548 40472 47496 -2997 24503 -87415 -12828 -89496 66970 -71264 15323 -72950 -32045 50354
95489 94234 63766 -23189 44313 -14464 -47968 -57250 95110 93567 -91042 29388 33099 21833 8660 -80531 -405 -11512 26832 65442 -74589 -2940 99667 88771 -79376 43586 -56073 -3758 84290 46496 -65009 -68535 -86814 21189 22797 -7451 -48602 -51534 84000 23992 45027 10290 92157 84957 48426 -23570 3797 97348 8916 -61151 -68910 26513 68776 33014 -53225 -6292 76729 -45664 21430 22200 29517 80568 73168 -28475 5512 98741 79839 -68413 38028 -39087 57057 11947 5600 -8207 -71599 67400 -4493 -57323 -55009 -71371
37196 27877 -17282 -73473 91434 -55100 -87570 91265 26285 -96599 7890 59631 52785 -81240 -64500 -76664 69899 54681 21373 -754 -70208 79878 -72348 50534 21978 -44302 -46353 -31822 -30265 -31979 -16327 -93209 47411 -32524 82979 -61997 -69674 71842 -35705 -46480 -69154 23339 19880 -67342 -73668 -96629 -41836 -53701 -87924 -62606 91274 -28066 43068 -33256 -46920 -15098 -33836 -80401 18273 77914 -26502 8049 25865 9715 -7938 62768 -17914 -83746 2755 -69281 84825 -48988 84043 -78541 -12623 -64303 35937 -46704 31451 -76612
-8705 -73215 60530 48770 -19780 24598 70525 -11639 18012 47682 24208 -45254 55311 -35253 3079 48472 -26219 -47516 -73694 28353 -72765 -39590 27595 -68744 -2591 -40328 -16673 -82701 18005 50713 76187 218 -57567 -83780 -99650 -20804 -19179 17206 26429 6555 -81114 -98020 300 75871 55340 -27869 68573 49493 58528 91490 48794 -86927 6014 -94695 5474 -90892 61753 3643 -30367 95916 72270 -49419 -87989 -61657 -23908 49642 1993 -76112 1550 -32694 8762 -99287 -80733 -40766 33744 -48315 6995 92082 -12635 49213
20295 78065 65988 81449 -22100 -76081 16526 -80387 15168 -38755 48161 -78275 -44805 4001 -91928 26010 -52828 -73317 26629 9023 -9029 27227 94986 -66275 -56012 -31276 29340 10142 -90891 -39181 36713 25409 -8112 -78035 -79835 32550 -83457 7075 52412 -58465 -49888 -13125 -77735 -12026 54428 -33466 74772 34496 14208 -60937 77040 -68546 75324 11985 98977 57880 -12370 80594 -33017 -76489 92515 35525 73535 -68949 54192 92981 -4065 -32267 -89427 -92295 -80922 36150 83763 40943 -4060 -32013 -41523 67996 -24768 89864
53582 2120 -11273 70996 50336 -68180 -2818 90841 -62236 4615 23223 47347 76529 36256 70753 42471 -84538 -90920 16381 -77925 31590 44938 -38906 -32535 -22394 77848 -41009 -65213 -50018 6523 -21498 -52642 -53908 -58786 -55183 99264 97674 83166 -16123 89612 27067 6560 -54760 97357 -12964 -98888 28321 42765 -65310 10239 14928 97213 -65666 4161 39484 -24891 -16345 93272 -34497 -42122 -24618 1846 67935 -53826 -55562 -84335 96770 70190 -11516 -49712 62686 -18368 38056 -14925 95013 -60866 -62142 99010 -46147 834
74108 882 -64420 1903 26467 12245 -79747 39270 36464 40835 70627 -53696 71353 -72920 55761 -77548 57730 54311 27583 -16298 -87468 -98919 88144 -37656 14993 47647 -92666 709 -61397 31342 62733 80039 19120 -68501 30223 88683 -94657 -90024 -71722 -36093 39694 54453 7041 -63724 16784 -64870 74989 -98468 -24466 -54890 -26955 -19715 46793 77450 -7957 -64192 69293 51120 70442 47151 -77080 -77787 45317 66561 -54836 -99760 11914 -18203 -97193 97517 79600 -77307 -19315 41803 59423 87408 91442 61251 -35816 -20063
82484 -91068 29384 63398 75106 -25041 -99957 51195 92873 92912 19118 57089 -15126 -91695 41333 67330 -34554 67175 8159 83563 41211 -26513 -55298 81270 -62916 -75988 39077 -40843 49527 -39378 25447 77811 26741 19200 3570 -88931 -68475 -41876 -1797 -39601 -60816 15250 9387 -96943 -22038 75247 6186 -24966 -67620 14607 33603 -91587 -36191 -98156 -99698 -30963 -70328 56139 20974 68572 -36408 10990 27447 3966 -56267 85092 -71083 -65988 -1676 -44990 45671 -70217 -7186 -54555 -64942 -42484 -71836 -90757 -95896 60305
-15940 -38186 30894 -44517 95422 54595 -34624 13672 13713 36792 -444 -21993 -84008 89268 5716 16632 -20399 6112 35750 94277 -25193 2582 44931 -89897 -71466 17997 33603 -25247 -25535 -16067 -72835 -36418 -93024 68546 96999 5581 45833 -93326 -10981 -65969 -7349 99469 6851 26083 -62545 -77362 -3946 -91733 -83733 -70400 33243 -45822 44067 21623 -25277 52091 -92218 -28811 -85466 -95122 72702 -32961 33477 -89694 -9555 -13768 -71540 4578 75722 46293 -58641 -91196 93613 -98261 -4489 -70794 -52872 -36503 54203 44280
-42361 45111 9908 -71630 50139 83513 92819 -96869 -81536 23751 -31567 -13405 -9880 -14589 -64849 54526 -58085 96459 45645 -35053 17905 63490 66685 -30958 -82406 -45300 -74791 77359 -71718 -87864 -85469 -80101 -15960 77981 -16438 -46734 -74866 -53137 30706 22683 34609 -9494 18393 -10922 -57411 6635 -71418 -97524 -13014 72223 -92330 27460 -4395 -67575 37079 10607 45347 19375 -8443 77236 -43614 -17577 76947 14224 -67769 94440 -66031 -99770 21552 1328 -3873 -3863 -7473 41642 69993 64014 -41907 41902 14006 55527
-51191 76545 -92449 -34410 -54008 -91175 84106 40876 -44026 25242 -2670 -3323 -11916 8976 -39538 -37666 -24002 45900 29528 75731 67464 -66830 -50658 -94883 95945 82806 -22409 25741 3300 -54191 -30067 61295 -59946 62665 -83431 -49376 50003 39303 95903 40666 23485 -71534 -37602 -95691 89462 72833 36772 -17505 -30395 1953 79763 76239 -55747 -35073 87078 -21309 -92874 -70156 -83264 -79475 31496 -79911 93963 39930 39233 72356 -6340 -77041 31834 -85831 -81067 -36286 -94371 -46887 -3602 -58339 23093 85315 -65484 -26460
-751 -11557 -32881 75380 82635 76128 -86940 -90524 -73303 -87793 -38696 -84017 -37584 15163 -28260 78604 -55812 8300 -28732 -55422 26951 12349 17759 86958 -37750 95297 -87084 -46014 84399 -83511 7507 79843 70324 -31100 44392 -87843 -5004 45319 19969 9713 19980 -52999 97221 -37401 -2746 -87310 -88902 -50472 -63191 60912 -52042 14836 54231 -90854 10083 -35223 -91393 -98506 -88752 -14256 -2272 50908 -14192 4139 -25284 5758 -87918 -87778 -40679 -34316 32290 -67814 -94923 90803 44540 -42808 8840 -79539 28635 66147
25909 -51182 -24833 1379 70346 69809 -58526 -1430 -63773 65519 91759 -42746 6377 -96989 57370 -30587 78116 -88605 38817 -49500 98432 20889 45245 -35398 -71448 39650 60901 70882 32427 -38748 -84481 22603 43755 19352 -72477 37270 52501 -81431 47623 57928 -25464 84776 -57500 99018 -87101 11540 66529 69691 -42240 -67107 98753 -94588 36011 -58664 -38559 -9101 1603 -51138 -47006 -11381 97529 -69541 -72770 2365 -79985 -61454 30076 -84092 82687 95673 -20186 -39012 -5642 90847 75469 -59408 -28664 -62435 69340 50899
10834 27920 -28460 -7564 55915 -16505 -27360 -23749 -32560 -22938 41974 18679 -7093 -93074 1815 -75948 -60124 -46622 87981 68914 34437 20521 35411 -12814 -7757 85603 2825 -22020 98319 -41701 49620 -92036 -7344 17111 -57669 -78493 22785 -87742 99108 75171 -46812 99561 61311 98074 28471 -5397 -35768 -43569 69462 -8531 31063 -21331 1417 -27701 76512 -67650 -95721 72882 12075 17043 -12488 94222 -66266 -58960 -25906 63031 -96811 15117 -5483 62446 -25060 50764 4720 639 98680 -7992 -38278 14527 64787 -43742
-70502 28752 -82699 -26191 -85173 -54172 49842 91267 -46691 75717 89543 -7238 55074 -37893 -41540 -69389 77334 -5460 -3683 12342 7723 34549 -49661 25793 -65350 -58093 74298 -44432 50371 -29209 8173 97956 75859 -75877 50079 -64276 60802 85227 88648 -82769 -14862 -78721 54715 76760 -63704 -69648 58221 -49811 45809 44579 64762 83695 -30546 41849 -95981 -56839 78293 -82921 7798 -18674 -3616 -7104 83332 -72509 1155 -93812 -44484 76291 78536 -58797 75417 79715 88245 -5522 -67873 81458 -8096 18064 -65000 -57083
-77183 11015 -63077 -92292 71008 4772 -76226 -94559 27186 95896 21803 -7394 -1863 -37214 -46185 -330 -52080 -89829 22952 -47895 40165 44369 93125 99238 56831 67848 -56806 48661 5295 12510 -62984 18974 40559 -67331 30859 95878 89796 64923 53452 -52290 86700 26391 -59460 44517 62341 -43125 28113 30762 -5920 66485 35415 -37644 76751 37913 72004 -19665 -72628 26177 -42852 27915 -6324 -7992 65552 -55343 39990 -13059 47180 62693 61266 -30962 9534 7005 -98043 -99885 -51848 -58786 -80307 -35039 48190 85499
28162 -97001 -6945 59726 -38440 -92831 2124 -23503 -8979 -9444 -80207 22305 55780 -35963 -52645 -28537 -25574 19779 -44240 58031 72285 93417 -15695 -93252 57818 67881 23174 53604 -57980 52616 27937 49611 15944 -60804 -97539 33941 25702 -14421 -6148 6250 -26945 44444 -86969 96817 98230 69676 -90438 -8488 8055 4853 67275 34743 79476 -95621 -51882 -4676 5036 -35326 -30347 -95954 -1192 94153 95161 18122 -2144 -17084 -75361 -49886 -93950 83948 3651 22338 -30286 -53185 42228 39747 73421 -9823 82691 -43581
-74077 -96696 15935 95291 -37513 70474 66810 -28472 -72073 -86999 66000 -17433 31606 84752 -41465 -54017 -15494 2697 -58659 85236 87066 54518 47019 40340 97998 -73054 71826 39051 63423 -41151 15822 -34764 -10588 -65955 -37736 11691 -21606 -1398 8382 -76031 -84587 21695 -53106 -82570 56240 -84141 -68204 36669 -92 3590 -86427 47524 -62102 39275 85222 -50607 -34668 24496 -89884 -23318 86647 71472 -74009 -13622 57329 -53589 -60049 -53670 -41538 92798 47718 -6790 78313 -36626 51808 28656 44904 219 -16049 -73178
-8575 -63506 80526 52197 15988 -33069 12413 -52454 91104 -38498 55573 96837 50680 -48533 -41855 -90784 75594 -88796 28731 62604 6163 15499 52139 39874 -46813 -97845 6116 87980 73538 55050 -89590 5733 -14748 3637 52741 -28519 90154 21235 -50189 -31047 -42329 -59283 29313 59962 -46495 70707 29170 -70336 -53338 -63432 63963 99231 72220 -11791 33811 15352 89468 29260 85910 -5070 13034 9288 -80679 -58404 -31423 -94882 -97156 -2973 -66041 -2345 -10875 -9793 73755 -77810 57781 36066 91440 61762 -55678 -89917
-36699 3959 72169 85259 64396 -5771 94153 95209 -9400 59468 20327 -49850 9436 -23066 -79454 -49892 2008 37934 90166 46329 -27062 39805 -52332 -73456 530 5948 -81200 66496 23230 -24400 -14264 -94160 -21048 74501 81699 99465 -75744 73213 -36135 -15634 -32977 97485 -30068 -23512 -96166 -57809 4769 -8665 82726 -40903 -69452 -79284 -64309 84241 67510 56513 -91742 -65933 20347 22908 5851 -7368 92161 -31498 -83228 28658 69997 90828 91214 -3873 74947 -55212 57940 -29205 -49632 -7823 59506 59065 10247 58023
-7300 44413 85896 34020 -80085 79432 -27996 -93660 37075 51284 31604 61139 -93715 -36782 -16805 87185 -20418 9727 64151 3572 33087 -73291 -19821 -90137 -75900 70755 3723 62465 -1857 -44095 10407 -5770 21696 -37238 -26540 -92267 -56723 -94636 29493 -70508 48506 13189 77185 30367 -92367 68168 25592 7891 -83195 -53121 81443 42396 93111 -60038 66759 -46835 -76230 -36370 -79031 48177 -46505 -25467 -28085 14552 -90608 49557 -84558 74538 -5307 -12349 -70500 82239 -52092 -33776 64531 14643 -56738 -98881 -71550 -63878
