50 60
6474 43798 -15991 -22583 -96277 -44063 -9245 28477 -46344 95575 87851 53571 16606 57513 -71476 -63116 -43307 -38162 -47810 49941 -34226 32552 46622 48959 -75888 -78526 -62267 -82123 -99829 -39572 -93408 2771 36084 -84788 73555 58496 -78147 -3783 67425 -97357 48378 -67014 -55068 52698 -19342 44507 17214 60394 10885 1962 954 94605 -14213 -67027 -15459 41875 -94942 28059 47399 80161
-595 -94975 50035 11787 -41291 -19738 27877 -81826 51419 -98000 -89369 -24362 -595 -6665 13866 -46408 -59022 83548 -38868 73977 -53515 -46766 1381 70756 -9052 -76259 -7166 -81024 -48363 -94419 -61746 20431 -97880 69067 -57310 62820 47523 -38184 -90776 25725 4751 76361 96069 -44256 45509 -28914 1491 10059 -73475 -42828 79292 -90208 -77102 -25357 -21815 73721 -9113 -76245 -44520 -7867
5549 -71420 -78145 45344 -60481 -21018 47530 43283 -33775 912 -6816 5964 39615 38735 -18614 -8130 85794 21712 41323 -86268 69371 -98501 -71569 -67165 -93561 7509 -68821 -34090 -11311 98278 20757 -87994 85021 -89514 44219 -1387 -30226 15026 -35003 -80711 6593 41075 -92616 -38220 -62717 -79142 -10957 11369 8449 -43581 -18538 -21762 -45818 17584 5487 23821 58018 -63669 18174 -39372
21413 18577 -13446 16094 -42305 -89084 84494 62665 17547 5304 45686 -67255 -11573 -68896 83857 -92263 -52264 16008 -98385 -88022 67795 -67499 70335 -24005 -92271 54910 43951 -33404 -50391 53902 -97408 30897 -94788 -2559 65785 12594 -56211 12198 -15041 45441 -72680 74686 -56617 -53779 24526 -49999 -73823 -64614 -5511 -47996 -55643 -77165 6889 76508 -38477 24708 -5571 72054 -73609 99385
85019 35587 -99544 27963 -19831 -63818 48778 -56481 3960 42069 -21245 18948 31107 65166 55119 96144 94568 3439 -31634 -80872 -85026 -53211 21416 -14936 -76771 -1496 -6799 -98741 64480 68549 -87314 48931 -3513 88303 -88089 67787 93353 54628 26711 90950 77559 52436 -14588 -34484 -74907 -29991 74079 -70901 84467 60522 -74737 -12079 -97812 82899 40336 -7427 -20309 -90473 -86742 -41882
-16599 -94840 -51833 17890 17156 -75119 61868 48107 4562 -623 -16365 -50082 -82069 -47571 -45240 53515 17694 -21138 -46657 53627 -21586 -63108 21689 30425 79060 30346 -15626 -10197 4924 54921 47501 48545 78886 -11823 47678 -22606 42302 -97061 81410 -44478 64898 -93390 -4184 -4287 53962 -79265 -21259 -83284 -22086 -67411 -46741 71691 -4450 -57407 -79934 -39419 -5950 84746 92526 -11153
79960 96858 -10818 94195 49951 79397 -23589 80560 30457 79797 -78749 -70734 -79199 -72057 71303 -18419 52664 -46411 42529 53475 40308 -85151 -35303 -8956 -77929 -20305 21533 28187 32840 46435 -64226 70735 -60149 -1038 69234 90040 -40739 -98568 -25229 60132 -86046 -91139 -47180 -49574 10602 -16910 -10467 26711 36799 -60877 -44998 53276 -80676 -45412 31345 85644 6620 -88598 74832 47003
-7783 8692 -73414 -17578 -99246 -22681 -44664 7106 -78699 22614 82678 90506 -76886 -24604 2277 -43494 -74888 -60702 73127 -59614 75847 7851 -60156 -19487 -1158 -81316 -44878 76337 -74315 63541 -39489 -16504 95877 -27520 -65050 -29195 -56413 -91758 -35442 65475 55844 16450 16213 48044 -83422 -60612 -55115 -91603 -90697 36938 69107 -3688 -39976 -81026 82717 21573 49398 34589 -74425 23407
-89938 47905 -89388 -83812 -45821 91242 -24091 83283 50842 97838 -18769 75564 49953 95868 65166 -24972 -34392 15532 71993 63439 -92355 41984 -62855 -35762 67820 -58367 87322 39046 31504 22339 49549 -78740 86579 74828 17554 69508 -22356 84265 -17300 52690 21814 91510 -44659 -3758 -75681 57277 787 16851 -39495 -22387 18222 -73713 42215 71573 -57452 -88265 88364 39619 75190 -25045
39173 31518 -80527 -26777 -87427 -38618 18982 -27920 93780 97793 -86452 34436 96611 -52843 -94596 -51089 -2197 11849 1526 -6617 32122 -73372 19949 -671 -70377 13452 -57767 48561 -7930 -5726 -67515 -9151 86228 95563 -16273 26061 22526 52906 -48403 -89686 -37461 -64114 44682 23928 -24608 -99008 -7739 -26816 998 -17989 13512 -2416 44973 -37047 34749 8293 -49989 -37702 18430 -61384
2731 -32914 57928 8351 41311 -30431 95660 67877 -73324 9217 4021 -84588 23570 -36020 22151 -37779 71258 50138 87903 61954 -69222 3523 2878 -60444 -84565 74316 94604 -67995 -78874 61830 37312 77397 26733 92242 98735 -13050 -69743 36952 -14210 -27666 86672 27074 -79664 55437 -28648 -62558 -32655 -24908 51165 -95321 -96242 58793 -60712 -39099 -50889 -55431 -65070 -1558 99206 -84260
-76264 65746 48921 -93734 32466 -89422 -28224 39417 80692 -21746 -68723 45226 -30424 40799 -80452 -71812 41076 -70010 -45879 -52217 89538 -53036 87658 -41594 68262 82027 -19052 78454 -21730 -80901 838 -26166 -13693 1573 45670 -79301 94138 82969 37515 -51469 -88301 -57724 -11522 62995 40990 -53122 -90793 73988 10087 94115 -52795 -49615 61894 -11018 99433 52575 -8899 37499 95262 -80162
94184 28178 -576 -56400 -97778 5737 54505 56566 -32468 -11272 16088 -90664 75061 29398 -51192 -41501 88076 -38739 -23829 4380 -255 -25133 68118 -73193 -55570 68442 -25756 20557 -10613 -77081 -85092 -62775 -70547 79467 24752 39869 31946 87766 12260 -29723 -95824 71457 49087 94784 -47576 -35790 11282 -82357 -41966 29479 27844 -64896 1415 -52804 89696 -29064 -3195 8222 -45685 -89607
46506 20944 -47457 -15956 57757 90695 -20068 -89461 -98612 36233 -93779 42643 11085 53162 24953 79804 -6034 -38412 -34998 -93993 -53059 -31575 62182 -493 -3415 -48973 -68467 33295 -23799 99732 41980 -88380 -30622 56937 -83451 -46472 42664 -13089 47458 -53394 -46756 41590 -51144 -15196 -91337 -10614 -67031 55555 26006 36564 88547 67431 18948 -78450 -56002 -88632 23303 -15874 44809 -89804
25490 -28314 -40613 26466 -43965 8972 -2317 -89057 99369 -20603 6162 6391 -72325 -88240 -21683 35873 -89364 64540 50744 85562 -40368 98122 -26649 41526 -43362 89119 99624 -78414 -34757 -46261 -29115 30233 30866 -43756 92113 -81535 29755 9436 -5562 -48806 27085 -38686 -43376 13942 43537 69712 41339 84998 28928 -48627 -60811 54296 -89307 33743 -13432 -362 10379 -76095 92512 -10790
27718 -8298 13312 -47157 70717 -18636 31264 35802 32337 -66933 -60102 76622 76089 24099 -23220 -78496 -3518 -28445 8814 27185 -23019 53031 -33078 -52745 -92603 33008 -28924 15969 -17274 57696 -87300 19928 11391 90002 -10648 33666 -73282 79392 25517 -55833 21180 -89581 51717 83097 94648 83614 3381 -84660 -68662 99087 36262 -30864 -51239 -36260 -66393 -12133 -26947 -27747 -33007 -17275
82642 554 -84353 79669 63195 -53168 56693 -38636 65603 -10106 -5121 49974 -70990 -55432 83501 24267 -75649 -15149 46555 -37978 17029 -41992 99281 -61109 25419 -68443 91670 -79943 41869 94229 73352 -17908 -94560 -53828 66263 -33178 52269 38244 -4061 25598 79593 40660 24028 -92503 55520 -71750 -58540 -81116 -83663 74199 70878 31152 -75890 -58177 54571 6962 76503 90876 -58807 18799
91725 28745 7920 -97093 36718 -38326 82667 94439 39215 4535 17908 -36571 -83899 -38268 13718 -24775 -21444 -25876 66801 63654 34521 24912 73393 73397 70190 -39381 461 -84559 5697 32649 -31447 40964 92017 73405 74569 -81038 -79631 51677 2927 -30607 -35443 63467 51199 -18701 -98280 -6192 -1021 -78678 46767 74031 32531 -21232 -89170 -99684 -74659 51086 929 -68341 -61204 -42384
-68825 -15989 -65719 89699 33008 20790 -59542 55981 -24114 9676 -64809 68212 57669 39312 -90394 -19040 -8023 31747 -32062 19330 5178 78193 5211 -99419 29236 -40746 -17370 -50187 -86906 69089 14782 48126 88444 50424 50227 12006 20658 -11047 86986 -69756 -5730 57378 76072 73413 -96116 8816 -57303 7124 46701 -95153 26912 -83645 -9743 -65020 -70217 2065 61550 -34728 38340 49865
10846 -10032 -48334 29641 -48397 -72729 -26755 -30669 72956 -21754 -19884 -73190 -6278 -96606 -44101 -93643 63495 -27414 -59159 -72334 75215 -88310 -81003 12843 -26535 57927 78255 -5086 13599 97481 7328 -80679 68709 -49349 55352 91568 57979 24630 77800 -53950 -45576 73124 46229 -49882 -10277 -3135 -93562 -72803 52877 25985 92581 -50002 48850 64572 -89521 27054 -17402 64354 65660 -69783
31562 -27237 -14855 -64653 84568 -1180 -68722 13032 -7589 50493 28399 -22921 -21445 74827 -25336 49723 83094 69887 12588 -6898 94451 50617 32342 -75827 -60437 -2643 -6047 -57708 70451 5358 26571 -85741 -48300 -1218 -85435 -68248 56401 -80125 88452 -65661 14911 12150 -58303 -18262 70043 9428 -96248 6644 61350 36161 48399 57898 -845 -34197 70235 -57009 -5358 4910 45582 -74759
-53315 -36224 -8488 64759 54189 1985 19137 77378 3678 45065 2345 59651 42703 -51844 86871 -41219 16716 23872 35922 -29296 -78123 -13276 78945 49154 16910 -43702 -40758 85155 22797 -55175 56716 -78799 82143 -494 -79625 55351 -97857 -55095 -4129 2647 -55322 87108 93127 15586 -45259 62179 -89106 39215 -89497 -58889 -71593 -48561 -12734 31291 -71161 -27296 -93479 -31812 11510 37804
98502 93739 12670 49707 95295 -62011 3797 -56187 -90318 -26 -36978 66083 -72729 30064 55536 64248 37095 33144 -51264 18002 23719 -20244 81351 -1970 -6903 26621 2687 14681 -3773 37785 68141 83034 -47085 -21430 38182 -73121 -21820 30217 87790 -28880 -7127 17246 -82187 66072 -89959 -80102 52560 72009 -85324 -86843 98290 -45737 -12491 25194 -39080 78119 73765 -3811 59815 50312
44942 -60746 26585 98301 -66465 13272 -97098 47217 13372 -88973 -74939 -67880 28546 76487 82024 11171 35822 -66538 42261 37979 -1773 -70294 -97041 -31480 -88735 -31845 74537 -75794 -48845 26794 14664 91595 -76869 68288 6753 76554 -71149 -78945 -47323 53280 56494 -85879 -79132 -99414 -91519 -92632 -97442 -79312 56011 76606 65231 -47447 45585 -51852 35369 -37386 -63060 -20034 -78193 86419
95816 -86230 -50078 -61155 82176 -49888 -70125 29770 3277 -3285 -22585 -5447 1105 -19795 -64216 41333 83169 48597 84282 48912 -88450 -75716 -53912 -60621 40942 19803 -79621 18968 -81296 -57605 88969 -30985 52722 77240 -58285 -44913 -22078 2965 65091 71336 -74782 -49214 38358 -13660 19323 86066 56210 67932 -68621 73388 -33875 50729 -79904 -86672 70659 -1075 -42736 -52813 10983 -26968
-5848 -10610 39590 97922 -92314 58001 -2160 -2285 79634 -69455 -5541 55534 22539 -38830 -73430 58560 36122 -42119 -20935 -90 90724 57133 -75947 -86427 -90913 -34777 -10548 20873 -36563 -86974 -65484 89924 -86706 -37335 -18175 -68261 -68606 -49879 17879 -94572 -92140 -64206 52984 22532 38836 36984 -21327 -12092 -4742 -70636 33141 32787 -18889 -57702 10026 40394 72821 -2121 -32054 69995
-10677 49460 66812 -88687 70920 36202 75670 -51129 -83508 56556 40270 51721 -29371 -71792 75936 6052 -48242 -20623 -85215 -47275 11400 -87251 -73297 -57143 -69160 1696 -58402 -21026 25050 -75846 87979 68558 74953 92114 -84115 60378 -61878 64615 -86 -90453 -6419 37314 70895 35925 -84711 -20907 65043 32937 69278 -92997 -47140 93709 -29568 48973 97934 -86301 88963 52016 -83228 -92671
4372 -71077 43915 56919 -43175 -68383 -14958 -85508 -97421 -71784 13603 88167 91184 98291 76948 99092 4439 -81635 84721 26192 41139 -73199 93357 36584 75470 6568 -7864 16308 27428 31147 -59008 50461 22482 62419 -92574 54760 -21003 21652 14385 5668 -13820 68557 -35711 -39475 -73734 50376 53333 -23576 43584 3203 55025 -97548 65575 -98664 32943 -82069 -34026 65269 -40319 -28360
-5256 56865 -67294 -53512 -91812 -82925 -13952 7756 9388 -8328 -29673 -16382 -88304 48948 -87307 50894 34117 -98237 42040 -11856 18070 94088 83583 -57596 56533 -58527 74018 92579 -57547 26493 3121 34296 -11768 88053 46634 11011 9093 -73958 17054 29630 -87848 -80573 7318 10212 27383 52703 -54758 -58955 -66280 25927 97406 96145 17223 -1832 38497 69932 49620 75603 27792 78027
92746 14012 95702 -80221 -99554 45567 83063 -27100 41486 -22304 51863 -11645 -451 -60445 5348 18310 4017 8657 -50499 -14651 79475 -76205 51518 -16279 -55027 -83669 -1368 39842 -62673 13576 -83751 60099 42241 99011 -59261 -80747 -55725 -69037 51479 -34408 85578 2553 22941 75792 49353 90591 -82521 60709 -93107 42576 42240 -35826 -54208 -19673 98994 39957 84006 357 90552 -69911
-76289 -94868 24129 -92975 -24336 -18478 -53442 -44611 -72159 94500 -13067 -54232 22766 -78625 -5286 88036 7266 -13909 -88705 68293 -50123 -74854 34670 -85654 80433 -41 -51387 55965 74792 -65134 -87460 -52669 -13006 -91196 27699 32949 -10196 -33419 -38302 -52153 -60578 -98182 -51630 -5698 -69787 -99545 60321 46612 93137 -93728 -22788 72959 22046 22188 -30229 -89424 21719 -29515 78513 -32252
-20939 -96727 -74483 -51481 22543 42716 17854 -47107 -80795 -75552 -51950 90913 -6968 63008 -73990 -25643 65485 75349 -87217 18791 -47647 42194 70423 11819 -33313 84343 68665 -11877 -95124 -89000 63075 88805 -10085 -75377 58051 -31037 -92801 69303 73980 62101 -63629 82295 29377 -1485 -22316 -31445 -78410 1589 46910 -91471 80980 82120 65435 -68960 21967 3629 -61004 7970 -67068 98383
57023 -66486 -7296 -94248 41790 -61861 71919 33940 36591 84031 -77109 12469 79271 39456 70249 -64880 13231 -69572 -26436 75442 28587 -33608 -21566 -20025 97485 48331 -70070 -25045 -36456 64945 75165 22586 -5702 1089 37373 -60500 1743 -95730 -49857 -16550 -50270 34229 -10153 -12754 -19262 84837 -72705 64934 56850 -94252 -67680 87080 19408 -5523 -80813 -1814 -75021 39089 42762 93469
57320 80088 54506 19898 -28867 -49401 -81182 -27890 -60870 -43931 -98409 -9166 -41904 -28794 99854 -10683 -44553 -94224 -95764 -72718 -28791 -30110 65438 78648 56060 88804 -82503 -96505 56097 26854 -74433 48764 21812 44822 64838 -20172 7967 46648 88017 95728 -5101 43102 -67942 -56149 -13241 -14595 9285 69249 72108 56929 58651 -1250 -20552 -2441 52783 -31601 -62731 43377 -20262 -93525
-46169 45105 -76105 -23773 -70635 92231 41428 74190 81308 -83307 290 -78432 -96706 7063 -51453 -57475 -97035 86137 -8295 66552 54529 -6391 34924 64253 62307 -29448 75545 89584 5400 -95999 -50013 -39426 38316 -54394 -31431 -66231 -96081 10835 8261 34573 50233 63092 44577 78941 26671 52850 -59031 -5885 85610 7755 -54685 -20681 31004 -76672 -69664 14450 86940 -35990 -35800 -3297
-68129 84785 -88866 -34834 16222 8578 -60923 47389 -25925 -48593 83525 56796 79308 40857 -53444 10559 12869 -23820 87704 33880 -25888 22881 -72002 37915 -35831 27328 -11747 45134 10497 14015 6096 -58915 93299 -53026 -19529 41944 -11654 -52381 34274 -12333 -2757 -70709 11415 98899 72103 -82504 -91783 -24048 51337 59185 34787 -48506 -77607 -97074 -12578 45027 -19338 89993 9237 -43943
-37893 -24439 -54341 15802 44080 -80746 65935 -46377 35298 -6814 18627 56796 -35841 -59714 -61961 -26739 -20844 -18992 -80230 -51052 -3661 80449 79172 -82262 41842 -32296 -53013 66615 -18676 81502 -71910 72982 -75494 -16502 -72532 89048 7039 -86801 -37838 30686 -17137 -59871 51281 71674 -68021 72318 55523 -69756 -84282 -22959 80928 75279 -44636 -24575 73538 -63739 83254 -40772 -80782 -84714
68259 56531 -83858 66016 77790 94467 -89610 34970 -61033 15446 -61890 -46018 -547 91742 -43932 -29228 -28322 28653 -49897 -79630 24447 -25511 35397 21447 -76338 -29679 -78372 568 64163 -38975 41539 -73861 -85805 -20467 82832 -67546 -58913 -46035 74860 24515 8868 -96752 -67103 -49087 -19457 47594 -69717 -39259 32973 -2309 -2636 99556 -70397 14247 -7922 91704 -73781 1903 36122 62130
-69110 -12852 -36847 -94737 13547 -68954 16036 -47975 88111 95769 -78289 3171 42403 -10459 -673 -12064 -35666 54959 -31996 -56647 -70197 65927 1369 87782 -23449 38181 -40867 -32860 9929 80385 11981 -39609 18137 -58329 77496 57727 64721 -90739 49467 13066 -15511 77860 -39663 -34173 639 26237 31010 -51489 -3741 99851 -9698 -3139 63112 -1101 33850 95634 -43440 74505 -82807 -79719
-66812 89965 41919 77222 -17668 23188 91596 -73071 -14787 86839 48884 20387 25909 -72897 -6589 12854 57418 -53169 51874 88600 63117 10253 63093 6751 59186 44415 95962 80399 -86264 8709 34450 31050 7828 -6016 7715 -81868 11418 -4608 37894 6516 -79014 5386 42257 -2420 40815 79641 -48685 55536 82334 80281 -57180 34965 -34961 80391 -97970 91083 3730 -27674 58232 54747
-74840 9938 28031 26097 -17104 35508 -31237 -64726 -17427 -57507 90099 64491 70929 -12324 7450 73381 26843 -26861 97942 -19410 61957 -53068 -26922 -64724 -46346 -95153 49821 -8854 -50271 34330 -72346 -811 80980 -20128 -23797 -32235 44972 -12517 -75353 89867 16474 -11489 -66717 -96832 36089 -26039 -64473 -1128 63938 -389 34945 1893 30886 -69889 -95195 -57662 19795 90121 -41776 -2562
6896 -16464 -57152 -21489 -61023 43230 -22259 -27489 -7593 31212 -22469 -95150 -85089 13804 -17407 -56937 11468 99442 18875 -20823 50677 82058 -34666 26153 -27904 -17712 88920 99946 335 -74740 -4156 30903 -59958 27816 -52343 -59601 76706 -71778 -83416 36667 81528 -71519 -65753 -66158 41592 51022 -61417 11836 -83241 91043 50871 -42508 -2342 -12695 16275 68115 -44628 39543 41803 -66133
9887 83363 23910 97702 61755 -15821 -58635 62254 -36691 79914 -57924 94958 -79751 51347 -25692 62097 9310 -90468 76479 31443 4356 -23458 -85784 -17375 24225 -54000 34775 -36207 48845 41303 -2467 -36907 19236 6253 88054 -36286 73072 20969 -36598 -90827 -16701 84745 -56787 6701 -17709 -43736 -42406 -4436 235 11402 -70958 34288 60947 -79846 95864 -94393 56123 -34343 -52224 -94218
12852 73554 23975 60245 40578 -4384 17559 28943 87207 -20604 60085 41793 88301 42106 87872 68197 42844 -86673 -43105 -2761 -19037 -989 24610 39935 7160 60772 -19022 -61389 -13403 -91258 82549 58749 -14040 -53573 -60885 -28332 -13971 99702 32080 -47848 -97873 -75913 -51900 -82339 -45069 -79487 -92773 44398 38020 -61066 -21830 57537 61804 -99084 -53576 26019 27831 -18610 -72175 44855
6003 3484 -5045 -64019 56969 47801 35440 -25911 -94911 61246 24034 -81488 -60459 75589 72874 -81591 18196 9311 28791 -77105 28079 22394 18973 21716 -67324 -39656 -56119 23756 17452 -16124 -51566 68622 -49710 -45201 -96477 75715 -53114 77402 -6407 71314 91174 35385 49745 79311 28762 -77069 -71775 50339 66006 52482 99132 -53630 -14777 -48487 49616 -82694 -23427 12408 20481 -98398
-8979 48102 51172 88743 -92347 -93980 -34957 -35265 -97828 4219 1173 -6133 45525 -98298 93000 -22070 -61157 -11083 -14939 -52553 -19711 -96244 20547 51967 -9149 -26715 22485 -47664 -6532 -22115 -36614 -23272 82134 97871 -37846 88007 -13003 28168 2468 89204 -75203 9284 51400 28399 -96855 -86151 47962 -56121 -57249 49074 16229 94451 28389 22260 -58483 -19731 -83516 -36279 -55568 71005
68142 47044 64882 -52605 -93417 65101 -60565 -8154 -16246 70141 49742 -37005 -4616 52741 -12110 -44580 20680 -71912 5510 -71800 85715 -18940 -3469 88272 42086 -89124 -71567 65856 32308 -83957 -41752 -75575 -45141 66272 37350 -75211 36812 98643 -34798 29018 -62884 -98121 84253 -94474 23069 -42448 14712 64980 93287 56271 -95311 47568 -73309 4276 -92496 86751 62513 -47143 -76790 46221
53421 -16778 -61745 -49577 41040 39930 12528 9863 -54015 64454 39135 -98807 -66036 -61568 21406 -57237 -25994 38054 -11871 30312 -76661 -87126 -8088 30541 -28130 70246 48208 3124 -95024 82268 39787 50211 54046 70383 12129 33422 -19764 -90510 28433 -28729 -76235 86835 84057 -86006 46502 -68381 -71351 23842 98025 -70413 -51542 48842 90675 -41972 -45414 56459 45351 52842 21463 94641
18753 40873 -40167 -40732 -27194 -32488 -54045 62298 61385 -25402 98824 -59302 -37736 38906 -11835 13434 43815 -82413 54697 32431 -69752 -64925 -14185 58606 -88162 -57816 27473 30143 -82283 -97630 -15672 74239 70782 -88740 8766 23857 19865 -63629 -45363 -90021 -79010 -91810 -86623 2554 -21179 22075 -17585 30512 -25450 76248 29513 -29398 87430 -92762 -74569 95680 93902 -41127 -86586 56478
2007 -35141 98146 49561 61314 68267 91728 -28408 68428 -91444 10390 -16653 -75494 -11717 -41574 52217 13706 70050 -30611 -71372 -49507 -62413 -26203 -9504 -28594 -38831 18632 -53002 76039 41076 -29871 -95731 30488 -18860 23812 -42237 60433 9288 8403 -9469 -82873 18794 -46787 21587 939 17517 86672 14663 22882 -4166 -18670 64224 94649 79883 -69927 -49067 69125 32997 76105 93329
60 70
45417 -85055 84532 -58532 8563 82368 78618 2813 -74739 -14469 -35713 15485 53879 95996 -35646 39246 12255 -40329 58402 -45291 -72456 -98537 21448 37774 -64482 51415 -81116 35386 -51185 -4267 54316 -16634 -96053 -87385 146 -53035 10332 86522 3610 -43875 -54258 -4544 -23307 68876 -47796 30653 27687 -14239 20714 31460 2393 -42457 22772 62622 -47593 -13779 52869 57671 -27383 -47523 -21926 83516 -48652 31786 -17508 34088 12557 -53597 -86146 49915
811 17682 80283 42300 58647 92047 -76571 42463 -49384 80752 82055 -42692 -39065 -84448 14587 -5799 33752 -12060 25251 90295 -14362 -49107 -39549 -67203 94195 -7399 -44418 -4610 43204 -3694 -13335 45679 -66582 87970 93281 -22092 -50272 48262 91217 55217 80744 31961 -49732 30237 84974 4176 21259 16348 -13453 -3773 74554 -6154 45649 -40158 76521 87470 -10428 -67474 40281 75277 -72191 46109 20864 20222 -86680 68048 -77065 9080 -15893 27360
-83932 -41159 91327 -26585 75983 -57011 -20903 36685 45996 96825 -94431 -81868 86384 -1424 48670 71108 -37101 27107 62681 91598 45506 73037 -83419 53057 -90477 84478 8184 -90467 -20073 52745 -83131 -86412 91791 69043 -59380 -49709 -49222 78006 83750 47247 -49292 -8115 -59493 -96285 -42092 13325 -38151 -57679 9072 52226 -92448 -56112 87203 41257 -93946 -50334 -11702 -31941 30095 25585 -11358 -20505 -75283 52876 -44082 62071 -31809 -34223 21177 52503
76533 79988 -60360 -32057 46647 66605 82379 96997 -40551 -83345 97758 -33419 85915 29211 -88911 -37192 87006 97936 -90443 10268 20349 60671 13198 2208 -88868 -69074 -96396 -87548 -83875 22033 -74657 35306 -6885 -28599 38135 84736 -71662 -75818 69437 -82995 -53903 -57568 -37073 11674 22740 15105 46427 33015 22867 95484 2183 -71843 -63671 -66947 -23451 47458 98336 28655 -82771 -95069 21238 -95711 22778 28814 74923 5837 -17428 88971 73674 8015
-64649 -53379 14823 -69092 -65212 11216 84017 96119 7344 35620 87188 -85633 -40463 46771 89525 82310 -59246 15457 -58269 -73504 83217 -75451 -49577 -47440 18419 31524 -75091 59375 -29017 -29173 8996 7908 90736 27493 -26457 49880 -12057 -99846 -75981 -39317 -48885 21940 20980 25655 -3592 -71359 97666 46816 44358 27947 78215 76260 14027 -66589 -81577 69848 -53202 44634 83719 -85038 -90624 -2107 -8555 20917 -94321 -86285 17217 -98105 -15660 -87066
-24483 45789 69301 -86683 -34814 26343 6361 5649 89783 -63347 30903 13367 13137 -70366 43502 -42144 -98269 -28237 25072 6111 -18482 -93461 81739 -84329 30085 -90028 -99304 27786 -28063 70265 -34995 -42367 41447 -64799 17575 70945 56073 29028 -42662 -49778 -91738 91902 -60332 -23086 -10473 43027 11928 63756 68429 42852 34293 -28087 38755 -39184 19505 38523 6911 -49258 -51901 4937 -72355 -35030 26155 4892 -79063 88381 -12650 -68781 -19094 10557
-52348 1934 -48878 -69055 68146 -41953 -2150 -9729 -54950 -41008 34304 -28540 -99175 -42101 18896 -28140 45630 98454 -72901 -36212 -64706 -27558 59517 -85920 20542 -78025 234 -50321 -74194 -71774 57794 57921 76800 94195 -76147 -54270 3166 27543 88441 66929 69701 -8295 11251 -58011 33972 -90982 62640 -97599 93976 -29364 75344 47905 18523 75642 27933 35566 -14 -97478 85674 40338 -13616 81190 -64992 -65151 91771 -73904 -59661 93542 67771 -67358
85644 8215 48294 61647 -30565 91049 -98674 -66520 -32229 -1349 80807 -59729 -97845 -80449 -42413 83598 29321 80511 -55949 23252 78694 -50334 33786 27031 -90546 56159 20472 -27072 -31739 -76539 -77323 -12383 80437 36076 42670 -80894 12905 -56613 58267 -74096 59274 -20351 -84063 2487 83670 83305 44575 71753 -16667 -99390 -3111 81535 -59053 -4135 50744 -13788 71833 -26760 23622 65878 75967 -64883 32413 -43935 98681 89852 -62425 -88873 6212 43945
-20258 -66622 37137 77665 61481 -59580 76675 17757 51318 79373 80092 -68471 -2793 20724 -23444 -60610 42628 58732 -9774 -10910 -69618 -87331 -51722 27347 -45517 97762 -64084 -87720 -69508 13757 -86775 -41162 11690 35746 8960 97819 -14826 -14683 85515 -19224 62120 80977 54421 -22393 89740 -70033 -50602 -31475 -17074 -74058 -33490 8486 72962 -16356 74798 -19594 -33526 -10276 -30952 -19472 -95775 -97365 22358 -60530 36051 45154 -14202 75933 5319 76944
82652 -83847 -22620 -33411 11412 31025 -8580 27677 54346 -12874 20130 70852 50874 91643 -51858 42109 -28553 63142 23497 71505 -35259 -60933 65201 -32681 -58404 -13969 -85890 43208 11221 -38524 15920 -26272 59454 -7752 79068 -4352 -89083 63949 27920 -74169 -1750 -76451 -91228 -21429 -82262 -38873 4727 -67324 -20716 -4824 60467 32 -89323 -31046 -75228 -96444 -18072 -40493 -83947 -42266 -336 26579 -70219 89341 657 98139 -20917 83688 7236 -3848
77290 -2680 71665 59860 90446 1324 -92678 -5646 52371 56433 48907 -16465 -18566 -39145 81645 28330 12082 -14217 -19858 -78893 -45499 -19567 37807 -11903 15855 20229 26811 -79591 11024 -33009 86176 -82440 73462 95990 27457 -26853 -7020 81486 699 83444 -53503 -82366 -10657 -79437 -3844 99486 94754 47907 3109 17744 -84023 -96225 -4041 31870 -73293 -90578 -86342 -40247 -1619 -80409 -80568 -3088 24304 12522 55960 98883 15720 84182 81347 -77262
-14169 -91850 -59335 -31920 35252 7052 3018 11593 32208 -24576 -23797 -30752 -75390 29102 -16199 -61456 15327 60735 -57576 -6381 58234 27455 15706 -91000 74562 84454 -32525 74490 36566 -5853 52998 85787 -20705 -46353 38070 24303 -54243 -97229 -53178 79337 28690 -75355 -50791 55495 -35087 -29025 47103 49878 -49290 62953 81885 -15048 62316 -57692 -63945 -83089 -98584 9736 98413 -47689 83291 -57042 95534 -15955 68110 -54163 65530 80484 -32844 45296
-34295 -69698 -50070 78637 72583 -39700 -38964 -58113 58063 -36570 -78074 -43401 -45106 60162 -28103 -33304 -2932 -5879 27769 78132 -86972 63646 -53161 -92906 56774 -4502 -99717 -21936 59666 -16040 -60668 -74418 -65189 -1872 99135 -83705 75951 -74430 -88756 -47469 -43946 -75511 -59726 -13506 99820 40655 93775 73481 81260 -2138 9390 32947 -45230 -86824 -68080 85171 -46442 92408 -27677 -52697 -66866 -50718 -5212 -36708 -64397 -39633 -37956 4590 -30362 -56637
17656 96107 47115 -6269 85773 -14913 -26839 -21920 67098 70048 30223 -99104 -71135 28205 96483 -1217 89946 -55173 41117 32159 11597 5597 -50193 -30235 74311 -58897 88804 -75239 -82830 52969 10168 40276 8238 24992 83912 -6153 -79570 75066 -79656 -8873 -73810 -37047 33950 -82621 -43944 -50310 76780 -69722 60546 22137 68492 55154 -48125 68947 66816 40456 -36149 15694 41254 -31196 48474 96380 71948 -77712 -47857 -29070 -88220 -60321 -43156 -41517
-60002 -23170 60972 50724 -1343 43918 -19814 -91904 -52046 96159 15312 -62441 -55840 99321 -51003 41295 -82714 -74212 3873 9121 59139 40055 -18881 54677 96487 -55792 -27318 73584 -38403 -31789 -22372 -52902 12814 25418 62862 -93520 -23220 66035 -91235 23031 18583 -54373 33469 74826 -2865 -48556 -27122 -52091 4905 58854 -48212 -14399 9881 2255 -79261 -5471 88010 62946 96177 -51639 -71970 61193 85745 -22972 -16643 65095 73222 91064 33364 -63516
-97270 66822 -59788 93719 40902 -69061 27678 -46484 69570 59224 2379 -23043 -5759 -11296 13093 87365 -63950 67730 47892 -55138 -81631 -85263 29058 73079 -87173 -35818 56859 -73112 -98046 -47553 -5722 -22306 -27802 -97044 -21659 36139 -33680 80544 -66384 60012 51588 43470 -73164 -38356 14985 13563 -95776 -5441 49177 23614 23910 37784 -6779 -88156 29966 23425 -32947 50972 16687 5617 -36456 9820 54119 -78332 -63907 81307 76404 -43862 -18291 87683
98516 37573 48108 5484 12923 -40790 7307 -9603 -48989 75131 64503 10212 62579 50133 -64975 -32146 96833 -77266 -45433 -90423 39535 -22624 -62961 90324 61023 95849 -25362 -20969 -83986 79375 7925 89663 2897 -62902 64162 -87954 -62860 28765 80869 -98773 -47354 70299 80217 31029 27471 37030 -40759 -271 11098 -31519 75441 -41944 78464 4123 -83684 -85492 -12140 24864 15591 -87211 -83790 9308 72690 -92372 25023 -7330 51616 8720 -58553 21498
-78292 -46465 72081 -64042 56442 -49518 -75668 -79154 61837 32373 14681 37944 47952 -33937 -53409 -70897 13698 -99599 -68788 -78017 92912 58821 71292 18331 -49683 -12989 64042 -90114 12171 39803 -1782 85686 -4393 49451 23829 29743 9566 -28565 -99899 -38584 -74610 -4588 -95315 47399 82349 94129 -20435 95031 -36507 -16759 87731 -6317 -35124 -41542 -57317 -1708 14397 -93347 1007 -44575 57566 -71000 -12160 25998 2600 75283 -17817 -37658 15995 70757
-77660 35293 -15745 69795 37019 -74184 -28234 -92795 51841 59913 -98808 -69042 -91959 -27600 -32233 -93504 -6294 -54510 13188 -37196 -46766 4466 -7430 86501 4129 -35258 66581 -18307 9436 -95840 -3982 46156 61746 47233 -75953 -92883 -40466 -85315 -55480 -6869 56227 38298 -10999 32353 58847 -64041 86060 -19291 -42819 -90131 46774 30824 -35154 98873 21637 96845 -93896 -43547 -64931 96948 -80860 84690 -16185 -99001 80624 -30861 81368 49453 49265 -56001
76196 -476 94611 -90969 -71440 256 -38273 -19123 -53331 77155 42700 -30020 26615 -43428 29629 -41670 -38348 -83140 18665 6087 -38002 68570 30838 -40235 23979 -3961 -99652 25434 78279 -87196 22334 -48190 47951 47048 44553 -69873 84444 -39846 -45026 -89817 1735 -61093 62400 -47578 89010 -7398 -37354 -81868 97288 -26504 -35797 -20997 70038 31788 90289 42303 -43688 12600 -52113 -84167 -35066 80785 -17395 54467 88042 92194 42610 -87825 9303 -10379
-97426 7805 75529 87880 -48653 26446 -40953 86110 -44325 -5471 52426 -22550 -79303 9882 85042 88613 -29808 -72889 65073 91586 -84866 63725 -36251 -66039 -32545 -77457 -7351 38767 85834 -76345 -64534 -10305 8376 57817 94365 -75468 -24231 -25365 18664 -33420 -76058 -57730 -67555 95803 71084 -77174 -60980 -38944 -87734 -51555 60661 72872 -65387 -15427 -17411 51428 -86402 -29069 55798 -30730 -65688 43610 -45929 -4917 57440 -11840 -39120 -8631 -42344 -3932
-65910 57685 -51715 -49048 -47216 -26102 53115 45976 -66272 66463 -52957 48577 58607 -38443 37685 -52557 69103 12410 9792 -92535 42459 29460 -60927 43241 -33897 -1503 84846 -27911 -66587 -4162 -45485 71018 -53145 33295 7746 68986 -74725 15321 21838 13849 -58486 75946 -65134 -35015 -77208 -72494 25767 83301 -98257 -334 -34827 -79966 32832 -62387 22966 -60528 72135 38713 80476 81449 32209 -99350 74969 67547 42723 -63998 -34053 56737 27012 -6171
-34896 -51992 91605 14196 -26597 14692 49314 -43762 81456 -51985 28394 -90546 -97233 94463 -9504 -88279 -92040 -61644 -57866 -26892 54160 -90930 -61423 32917 13617 -69255 -54294 -84839 61471 93648 39445 93209 -95432 -40211 41952 19681 -36333 -48048 -73998 -98303 -19343 -16677 58855 -18950 -22831 -49054 75007 -70992 -46898 -46599 -95324 55354 -93585 -32199 16426 -21781 -49615 89486 -42742 -73360 9332 -23583 -52607 -89706 34166 -6800 2390 -70009 -58150 -71963
-4736 -82100 98844 20197 -71870 17510 15204 55952 -35626 -88156 -32100 35068 -82410 71973 37125 -71819 12209 42482 -88910 74408 -53329 11280 -21207 -14637 -9167 -34662 84963 -60820 -9498 -62889 92159 -1037 82139 20136 -17930 -18984 -18290 -23321 -63204 20171 -50872 84960 12285 46121 40540 83445 10292 22506 15502 -51983 891 -35992 76251 28036 -61976 3431 47192 -38073 20226 50376 42947 -51912 -86298 84814 23330 90350 87085 13330 -7508 -30812
-6262 -21611 -82167 -96632 75601 65646 96932 -45346 60845 41623 33506 -41156 51817 16739 -74534 14410 -5272 -48612 86979 40200 -79724 53460 24546 56832 47579 -29924 92857 -61373 9251 -51721 -20044 1774 67037 58891 5952 -68144 80961 67484 24310 -55657 -40938 -61590 -48776 -15613 -93448 5865 -25610 23849 -37390 5490 38493 92002 4354 18412 38128 -34411 33206 -6155 97128 -77901 -32356 -3985 89650 -34142 82368 90301 -14644 -65240 92208 9901
-97105 47640 -11696 -16379 66143 50429 53831 -96711 31610 52342 24047 -13378 -1480 -86241 -56221 63201 89003 -77272 48445 -58206 66856 35121 81053 -70056 -85490 -37264 31636 11773 -5571 97137 79009 50597 56269 -17965 -37181 -70573 95830 -26300 66602 -43791 17698 48733 87751 -37021 -4994 -36529 81800 55241 90842 -41037 73115 -36890 62538 -88674 -21234 93066 40193 60953 -34869 -81970 39846 9087 -88029 -82721 -4646 24300 67156 -55877 40432 38249
22638 27140 23692 53545 -85668 -86561 51998 41631 -98732 -13571 40761 44182 56111 11049 -11429 -62422 -33255 -53407 10593 58586 11467 5838 61072 83244 97640 -63998 -27705 20835 -24546 92706 20232 -31492 83256 26161 -81965 -90086 -99455 -44145 -53275 55347 -14606 -95531 44512 -40758 -8426 -94648 91779 -13832 69336 -29804 94948 -23917 -860 94872 -70326 -7884 -10903 50258 -84810 -38261 62783 -9247 -67519 -99322 -42458 85471 64842 -24536 -76739 -17809
-58917 81585 -53249 95670 94516 57690 17330 -26911 62260 75195 -84977 4132 -17285 -85627 96784 81340 60454 -95899 -48968 50179 42521 -16249 79938 27677 6198 17307 91290 -14298 83139 73909 65636 84785 -59774 -25916 -40654 25555 -15373 8079 -29120 -73201 65441 -78133 -33325 -94178 9186 1135 -10533 -11460 -22306 -42140 28976 758 2448 -7068 72036 75678 37909 66063 -8206 35353 66586 -25534 16426 -64876 7195 -72482 240 28595 -81390 -67964
-33897 -72596 59871 -20774 26361 52553 25387 1955 21690 68863 -8078 -26850 -78867 -44172 -81241 13595 -18023 11332 20183 54363 -90834 47733 54349 -74023 17680 -54864 -60138 -98164 6433 -72377 -12282 -25616 29619 23157 4344 -58527 60709 97108 -6457 70310 -67373 71339 7509 -62230 -3489 -9660 -22953 63471 43532 83971 -6374 -83763 -25856 67381 95133 55115 -81822 -27381 81862 34748 -15398 -75023 32306 46775 12159 -14489 58928 -85892 4327 33085
-76723 99269 26011 11809 -92176 1183 -58255 -77887 -21951 -57540 -31158 6772 -20103 -71641 -159 -62966 52490 -28756 84149 -74470 -23467 -42283 -42920 -40000 -77159 56362 49901 92788 -95345 53701 -69776 9478 33791 -28076 -83360 82701 -26246 -98186 -53293 54679 -3667 22337 -15936 68953 77961 -46213 -76249 -68463 72068 -41597 50615 -60109 55405 -78683 -66936 81390 95340 80492 -56105 46670 8319 -81994 77789 -95004 -5560 -63516 7477 -84693 73129 79766
-74309 -90853 40137 97307 -7020 -63370 72965 22333 87653 39403 -37444 36822 -3245 -80692 4745 71736 -12533 -91159 83994 -86891 14966 83672 92191 74348 62239 37786 12775 31700 23872 -60044 78831 -34940 91555 -52264 19176 1086 22990 -51169 11521 -22933 -20021 -8341 76448 -43553 98765 -84433 -22760 -51516 -39632 -94881 75525 91853 -90855 25186 64154 -5204 -86147 -55901 -48242 -24496 -83832 85851 46191 -27528 82428 81449 -77278 17936 25151 -18787
-864 47091 70234 80484 54399 54906 -36001 11322 21697 -43386 22271 65676 26020 67514 19544 -25261 58861 43614 67540 -34476 -62512 19440 -23739 -52720 481 27835 25348 8547 -32263 -87870 -96475 -10869 3456 27702 -92324 -12097 24220 -90222 64918 -93839 -94166 -24236 -39448 64089 -96611 22226 77489 85107 73994 -41391 4519 64204 -8700 -55841 14545 2521 39524 2287 59746 -1448 -64106 -73175 -3384 17255 -42919 50533 -26279 35383 99435 -43104
81313 64947 30733 -37172 1457 -84892 88837 32216 94714 83320 51384 44087 25400 -74587 13276 36347 -39438 -71439 -68479 21490 41831 -98678 74428 -32879 -43825 -92978 6192 -66560 -39648 77095 39604 7410 -8576 68323 -53876 -83767 18031 -98719 -85724 23614 -80258 80022 98301 -84563 29604 6166 73829 26573 -90100 -19345 -6349 -80388 5461 -12697 -44738 75581 49398 -49506 6951 71708 -6824 31178 52782 39727 15142 74943 -12583 81665 3687 -58263
54085 -3893 -44090 -95414 -49406 86265 67630 -95354 90934 66081 -82606 -30136 37095 5530 -4493 89424 -5524 -99891 18950 83959 74670 -32247 90110 2558 87406 -98751 63727 -92950 -3586 -12554 2924 52891 18890 -21672 -79821 11235 30951 74698 -14398 -52081 -10296 2245 -15201 75937 5990 -23040 52906 -91893 84072 15548 -345 -15134 56004 -39916 -6290 42463 85493 31480 13916 -32101 -67039 -1198 -57378 84467 -18060 -76552 36523 -78917 2213 -16112
81774 -88412 -62632 25531 -27100 37247 31247 64518 89386 70442 -88428 24227 96770 -21537 56983 5998 -94564 82472 -30769 -70466 6455 38599 24250 90146 88653 -74967 -29312 12488 -98056 -97688 5476 -41329 52664 1126 43810 -54020 -80984 73791 40271 -50129 46124 54053 -74455 -52294 -21039 -87334 28347 84428 -67490 -58833 -63063 -49159 -56248 18663 -30925 96355 -7068 63286 -46883 4932 -74299 -61917 23746 74487 88890 19426 -3938 -39059 85668 21880
27635 30743 65169 98296 -76051 -40218 88160 -62435 -31567 21256 -37051 -51870 1466 58510 89133 -54614 -30598 73268 -60309 16605 62060 2112 -4296 19573 -18553 -54171 82983 -65239 99754 -62022 -58259 -88209 65338 87711 -44605 -23446 27945 -93826 -8437 -14915 -69496 -34820 -56970 66979 99008 35616 -61908 10762 26154 43605 81417 99526 -69869 -44025 37937 32169 -54447 -799 -3858 13240 -81681 62239 76834 77144 -11312 -31954 28275 -68566 57966 20598
-33894 92092 97269 -1325 -39220 54948 -94466 -95435 -5943 83823 -10256 -50416 -30675 86474 80771 21061 61081 49943 95083 20523 16437 90406 87109 31156 -82062 40319 10364 41471 2865 -20457 98393 24363 50222 -67543 109 -81809 -36480 71366 -71297 -84566 -7280 25146 39434 75090 -20570 -67388 -6516 38220 -80218 -78932 59123 4371 -72722 -12535 63309 -47131 63640 87240 20718 96695 -22800 56466 53581 79458 43640 -83809 5605 25990 -46016 81702
38177 -27030 -85680 -41131 66773 -18009 -32863 -36030 -26687 -70343 29402 -20294 -53457 -84602 28449 72536 1594 -21796 -36408 -68039 36158 64940 15746 57029 59543 20362 76669 43823 -34953 81757 -41280 -52482 62880 -5376 -8936 -29046 77346 76959 87017 -90430 5434 74927 -49418 89403 -40853 5994 95359 61354 58554 -18961 -20608 -88034 33740 -88604 47695 -37004 75067 78264 -16772 55727 -60937 -46246 28198 53499 48081 -88642 88635 -37378 6743 -22459
-38686 21005 78658 -66487 25497 14214 32161 3209 -50404 36834 -49258 38802 36097 3564 -66432 35331 46133 -93089 -29022 27495 33162 19513 -44262 -36657 -59955 2514 -78430 -26188 10805 -59227 -20671 -82545 -78886 -67819 -13203 2888 -12148 -98703 -45108 15135 45710 -99626 -44889 -70336 77228 -62494 69630 60105 -69547 36314 -75445 72774 75231 52441 94837 -23161 -52702 69953 86312 68900 85595 -49237 79880 -84584 29048 98939 -53468 61365 37664 -34767
54013 -90224 -69102 77125 -44911 38880 90335 20609 -44256 -92535 60051 54189 -35261 13613 -12249 52629 91327 69377 -97252 47990 -2175 -47976 -81817 -78515 96252 30409 -68237 42036 -71202 -67224 1437 -47698 -39645 -15476 5310 -46908 -19504 67731 39576 -75975 6736 -20488 -96507 -30715 -76352 -44079 -81049 82175 63504 -2184 -6736 -19646 -7045 31878 -95141 59020 -44451 22615 61569 59705 50649 -75559 -71739 -76860 89465 76983 -10079 9604 -11505 -885
-75845 -22778 14264 506 74507 89417 -85637 -17839 -61674 -25121 12142 -60678 19919 61448 68175 34613 13035 -39887 11981 -82837 43448 91503 -3803 -18521 -82168 -70409 30647 96678 53414 -95089 98700 11898 -30488 -37913 38862 84905 -54709 -49690 -64371 49889 61899 -32459 80390 -42773 -61305 -63904 47422 9744 -59663 -41206 33405 -9624 -16996 68729 57589 -21745 99073 -42609 22357 -6259 -7502 25713 -76514 59696 -19443 97297 -166 -80856 -66953 -74602
-72860 -73824 59687 81094 58200 61988 35170 48526 -43075 60155 83885 -44119 91716 -11641 -68605 32952 -5855 -35290 -58554 -36814 64828 35506 82352 24294 -4928 32468 39515 -4450 -82051 -40463 -9815 99689 -51066 81279 29924 -81801 32029 36964 -70006 49690 -16728 -33691 32442 33056 6068 -3490 -97250 -49653 -53965 77215 66468 -82800 -86459 32498 -87198 -39203 91321 32487 -75868 25088 -74506 87734 65660 53094 31478 79152 11624 -93563 70234 28399
-55612 -40227 50551 -2301 60620 72500 77132 5652 -86807 -62223 21093 49574 -1724 -87662 -65544 -85337 80793 -14694 -60407 -1363 -81355 47226 -79105 54710 -99923 -73395 -56172 60156 -59043 -41461 23464 -34342 11321 -88177 55254 -87241 -62592 92495 22881 -34406 99568 97508 -34427 -68736 29737 -39006 34760 19347 91906 -59415 32129 61762 -76158 73389 -60287 -25477 -64694 -41042 -90568 89813 33719 50840 24424 59689 7711 78864 -98405 -83807 39166 87420
38510 -21093 5614 -24088 59450 17734 -56054 95520 -10306 35432 2967 36981 68606 61999 62555 -5540 93738 -28431 -52678 50931 -43107 36751 79792 -65612 -28202 -55516 -45563 35260 13245 -31411 25186 -90253 -39323 39889 22521 78029 -47802 -58826 36158 -49778 58318 72170 35152 98106 51800 -11508 -73776 -24906 -22387 -68531 -68790 -50485 28654 -56129 -64511 -77632 -52782 -84768 89941 82238 -5017 97717 -24520 -27780 80246 -60894 91666 52185 85071 -93096
-51766 -31572 -56638 97224 -81837 -4246 -26113 21141 51637 70441 2712 -18677 17482 31396 47226 -45577 -1826 -92996 42253 41345 61937 65860 76952 44989 -6283 637 10962 -55167 -4309 98906 -51842 76696 2153 80895 -11532 -47017 54596 77953 88089 -67242 -12328 -11669 12888 83450 18126 696 51402 49152 -13696 66330 -6493 98214 54317 90472 -50555 -9613 10153 76242 59292 52029 83371 51212 -76291 -33570 -58089 94896 60904 57387 5887 -64341
-92720 63403 60227 36890 13967 60260 21014 23601 2587 -42672 63302 -34849 72080 -2379 3603 80400 -68375 -82853 -36049 96083 20100 -83274 -48536 1739 -66325 -35975 -99529 -1398 21567 2071 98535 29371 -20185 79679 5152 38918 -87784 16234 4486 98201 -91595 -10556 85976 39824 82708 -69933 50876 37215 -19340 -4406 -56802 -69435 -79690 626 -69999 84629 -27894 -34053 -25056 10625 14632 38293 -54871 -31194 -6022 -5074 -81567 -88970 25753 69551
10749 -63207 99597 54153 60334 -89773 28659 -25145 -62257 -87061 -38562 98817 -15003 -36201 69530 55038 -79254 1450 67296 63189 98266 -5756 30246 -65254 -58811 35002 90983 55199 87038 47326 -35184 -16666 96706 -30239 -17111 -89203 -14356 72925 -74748 65390 68941 -81594 32953 2292 -69509 83127 19855 11300 -46341 92771 82874 -21802 51869 86000 56168 -82069 -69607 -83889 69648 78201 18694 54358 19329 67256 -50335 2830 -95361 -46877 -63873 10721
-30837 3007 -10636 44734 -57366 78603 -31610 11033 -46940 2840 95574 50930 47137 -43678 -26069 -92645 -85817 90244 -325 36445 -69966 98600 2166 -53498 6693 -53633 -5813 -52495 -99896 23242 45792 83066 8636 -49453 -35541 -36706 -79953 -66047 79810 -10316 -25289 13979 93724 2242 85833 9326 99490 38709 10084 -96681 -61978 65157 32538 -4703 55995 -90413 -46626 -2176 -85622 95301 -77873 -42732 -13263 -36195 64052 81071 40313 51538 -32729 28465
25390 -45718 -23361 -57996 -21560 7252 -57177 -60359 44441 -57796 -39777 84449 82755 -68560 -56455 12563 78946 -7027 -98607 -75957 -22983 -70801 -90334 42124 -60706 43254 -48156 -99171 15403 -50574 57403 -31301 58356 -38774 -48378 -47899 -39044 -7574 40165 1079 41713 7202 56460 -28604 -92487 -84247 -7944 -60938 -11405 -62941 14257 13929 21381 82150 61050 -1406 25458 12829 91025 -76894 7328 45467 83822 -60917 -35165 98139 90768 -83131 -71079 -46897
36821 29610 -63 -61256 96032 7843 -24273 -32564 51641 67131 -89572 -13830 84806 -37562 71952 -97020 33566 77406 -90078 -5875 57753 -75033 32992 59212 28353 66952 63890 91709 74207 -16894 23171 -85898 -42151 94915 52946 -96478 -61268 97317 -12311 14576 62426 -67989 7418 -2085 73062 43648 82879 -29938 52928 22643 -46933 64401 51810 35004 -8878 -66395 67255 43244 56320 19511 74604 -75588 20067 -52656 71162 -68441 31698 -98771 -14538 -25725
62317 50752 97492 -80380 -59202 75898 70410 -75743 81039 -53044 -34904 27231 60661 -77520 17754 12990 -5500 -91739 -94990 75483 30782 84695 -12799 -26907 50945 73617 713 77942 36395 -5873 -75028 50757 27725 5371 9636 35544 98502 -33183 -32182 12679 84916 72408 -67376 57331 -2605 12280 11070 -21542 25280 56489 59147 59380 -75282 1252 -99198 -81283 45988 -74172 -78145 84640 -19953 47526 53120 55349 -33773 39502 -1549 23709 50518 4564
-73051 -23711 81938 33810 85045 3721 -69285 -79451 77085 -17449 75619 -93074 28959 -19400 88 -8029 76345 -40844 -83051 40019 57781 -31136 -21708 43524 -21498 77883 36215 9763 34338 -48808 -31428 89354 32921 23525 -25174 9014 38152 40783 -25264 15895 59822 -95481 -67225 68051 42139 36298 64592 -60343 -71054 98167 -10037 90663 -26180 -72325 7645 20594 6076 63982 63341 18652 80668 34530 68992 -29483 -61182 -41018 43756 -47212 -22362 19034
-3140 -57375 76409 -1628 6089 -32596 -16889 -96640 47556 50684 -92235 -23595 62575 74824 -21960 67073 13305 -2035 8407 -18244 98094 98560 -50823 65761 -51638 -64060 -60106 -9951 -29090 -28639 -80751 96326 98097 59228 -29265 51273 -9348 -15076 -56366 -96148 36357 -77455 33266 -87639 85596 27962 90740 -91242 29482 17093 19424 -98462 -92833 -10166 83607 49048 -64669 42388 -12465 -13689 -29539 -52951 94529 -88746 -76909 82085 -92220 -54825 -44232 69646
51401 -80059 43055 -62635 -84754 -49462 -34490 39043 -18516 38652 90379 2811 77220 -96142 84691 -45484 89538 94451 85699 27693 -85854 -96737 -11544 -57167 92473 -62294 80621 59481 -80761 -81501 -80836 93051 -42091 64972 40739 -83267 32409 89214 -72639 -73143 3372 -35883 17849 46103 20889 85939 -44355 74000 -23968 -22861 89785 -62016 -95975 53575 70738 67663 -51589 -82655 -32053 -21395 -52208 74806 69253 61367 85505 -85994 75742 45868 -80368 -9175
11109 10819 14795 63716 11369 -8576 63814 35635 36095 -41263 36223 -53175 -16273 -34346 -95505 65728 88370 98003 68671 -52354 -38694 81298 -36841 8920 49229 70197 58 46739 -73232 -74811 36146 23061 25154 -97817 7936 -73226 46096 90711 -62168 24119 88283 6015 19672 -78590 -62909 47667 80803 -84639 -29585 -6900 -32176 -51617 70489 -65950 28894 18055 -39336 7226 -17384 37883 76752 55402 87458 -93964 601 78305 -71006 -91358 3294 -81499
-30319 59396 17999 40728 51044 -78069 35974 79129 -155 63882 -1403 -79512 55575 71390 87975 -38474 -23155 -41182 -44022 -45897 -28283 -34888 30066 1246 34679 99462 -2217 24508 96891 83482 -43020 -68589 -772 30247 -81435 -17016 -75802 30712 16633 59459 -43195 46345 28298 91787 -5720 -11582 24101 70595 59192 25118 41784 73642 -26728 56515 -65654 36942 31816 -54112 75076 -61574 -1762 -48698 -24504 -86607 23424 -95054 90727 -17259 89576 73911
-8522 68559 -87957 13979 -9437 -16755 62885 54913 48943 -29853 11582 20165 11937 -22525 98566 9327 -66229 8043 -65122 -61353 41965 -10884 18908 -16824 -84560 -57427 -17534 68989 -52064 11936 -45662 -72990 65413 -75042 -51476 -74408 21651 23878 1373 -40508 35749 83130 39068 -8149 64103 47311 56530 -61595 -20517 -77920 -22561 82768 18051 -22910 64382 -68147 -65538 19084 -19690 -1873 -87235 13422 -74119 66099 -33520 -87075 57743 -36726 29515 53234
-33402 -47951 65650 -82804 44671 -49194 -7430 80988 -40713 4148 14028 18624 39282 -3395 -39676 6558 1390 -44510 -23124 36247 75213 -35178 65542 6161 -57233 29560 -35710 -24153 33649 -48347 10722 -93966 -59322 5483 86385 68432 -88277 -46260 -77454 -86941 10828 -68100 -21317 -78114 75919 -79473 77065 -7219 -79798 64037 71394 83460 89435 8241 -17474 35247 79882 -12134 -99138 -84772 -89089 40027 933 69447 13535 -11865 -24278 -19278 -20405 -6406
-98974 35675 9795 76861 11657 42508 -31569 2306 33918 -82127 29297 70443 25574 56819 31244 54032 46376 48614 12839 -38963 -68053 -96021 -94268 57080 -12238 69514 97679 11864 -28835 63549 -39308 -47840 85166 -6695 -7682 66537 94818 -11996 29798 85337 21275 64761 -68125 -12007 72080 72660 82902 -17893 66998 85964 -47190 6389 53662 -51165 7403 80627 -80433 16106 -24091 -29072 -99218 40172 77162 -70651 -7090 -47683 65854 21499 -69556 48416
-49275 -24246 -29496 54245 90641 -22959 43269 73707 -68177 -53256 -31482 -6426 49706 -32598 -28681 -8688 22904 83059 83371 67812 -28154 65462 79589 76356 740 -12304 -18336 -44281 -19136 72232 27708 -81538 -25906 -79265 -90640 -28062 -17594 -38547 37217 -8517 25926 7653 38208 56554 31731 -55293 42617 61551 69730 8548 -14285 65682 -30046 81769 47837 -87368 -58666 60783 54812 -80134 17949 -91429 70830 -80163 86854 -77705 91632 62625 -75598 -20265
