118
12 0 
#########################################
142
20 10 0 
#########################################
262
20 10 0 20 
#########################################
424
20 10 25 0 25 
#########################################
1079
20 10 30 20 0 40 30 40 
#########################################
238
2 6 4 2 4 0 8 6 
#########################################
118
12 0 
#########################################
142
20 10 0 
#########################################
262
20 10 0 20 
#########################################
424
20 10 25 0 25 
#########################################
1079
20 10 30 20 0 40 30 40 
#########################################
238
2 6 4 2 4 0 8 6 
#########################################
118
12 0 
#########################################
142
20 10 0 
#########################################
262
20 10 0 20 
#########################################
424
20 10 25 0 25 
#########################################
1079
20 10 30 20 0 40 30 40 
#########################################
238
2 6 4 2 4 0 8 6 
#########################################
118
12 0 
#########################################
142
20 10 0 
#########################################
262
20 10 0 20 
#########################################
424
20 10 25 0 25 
#########################################
1079
20 10 30 20 0 40 30 40 
#########################################
238
2 6 4 2 4 0 8 6 
#########################################
118
12 0 
#########################################
142
20 10 0 
#########################################
262
20 10 0 20 
#########################################
424
20 10 25 0 25 
#########################################
1079
20 10 30 20 0 40 30 40 
#########################################
238
2 6 4 2 4 0 8 6 
#########################################
118
12 0 
#########################################
142
20 10 0 
#########################################
262
20 10 0 20 
#########################################
424
20 10 25 0 25 
#########################################
1079
20 10 30 20 0 40 30 40 
#########################################
238
2 6 4 2 4 0 8 6 
#########################################
118
12 0 
#########################################
142
20 10 0 
#########################################
262
20 10 0 20 
#########################################
424
20 10 25 0 25 
#########################################
1079
20 10 30 20 0 40 30 40 
#########################################
238
2 6 4 2 4 0 8 6 
#########################################
118
12 0 
#########################################
142
20 10 0 
#########################################
262
20 10 0 20 
#########################################
424
20 10 25 0 25 
#########################################
1079
20 10 30 20 0 40 30 40 
#########################################
238
2 6 4 2 4 0 8 6 
#########################################
118
12 0 
#########################################
142
20 10 0 
#########################################
262
20 10 0 20 
#########################################
424
20 10 25 0 25 
#########################################
1079
20 10 30 20 0 40 30 40 
#########################################
238
2 6 4 2 4 0 8 6 
#########################################
118
12 0 
#########################################
142
20 10 0 
#########################################
262
20 10 0 20 
#########################################
424
20 10 25 0 25 
#########################################
1079
20 10 30 20 0 40 30 40 
#########################################
238
2 6 4 2 4 0 8 6 
#########################################
118
12 0 
#########################################
142
20 10 0 
#########################################
262
20 10 0 20 
#########################################
424
20 10 25 0 25 
#########################################
1079
20 10 30 20 0 40 30 40 
#########################################
238
2 6 4 2 4 0 8 6 
#########################################
118
12 0 
#########################################
142
20 10 0 
#########################################
262
20 10 0 20 
#########################################
424
20 10 25 0 25 
#########################################
1079
20 10 30 20 0 40 30 40 
#########################################
238
2 6 4 2 4 0 8 6 
#########################################
