100 100
6072 87457 -41566 62527 17312 157 25035 -99894 -53657 -54797 -74296 -10324 -972 -85233 32802 60374 -53642 7579 42107 -62619 28991 -1811 49904 -712 -17744 65820 -39522 87198 -36683 -33925 61595 78399 -12616 69969 -36939 95782 79039 -58294 -74029 61807 -29162 -97381 75319 -35260 69578 -80290 -94240 -50772 -29362 -3298 -96141 -67157 60591 92527 -58278 85993 21578 -3538 99842 -830 -85198 -61812 -1008 -56022 52933 -66187 -88847 -26443 -44011 -87827 -7633 -81534 27617 -41989 -99023 -59744 27758 -45565 -98923 8020 -7913 -10362 -68899 46916 -65646 31647 83450 6288 -74392 6497 28715 90159 -4753 73737 -17288 -19183 -77288 -64708 35657 22646
95807 -79733 22027 -8270 70208 98688 12180 86404 49546 27849 55629 -47836 -79672 68082 21519 -27769 26881 -72155 -32695 69648 -94353 47783 -1892 -87169 -82607 -68267 -39060 -32356 78058 37393 -27923 99392 -10022 -8649 89973 -77572 -80033 3367 45154 -26025 -82888 -857 -34321 15027 -14749 -28232 -88224 -4076 -11393 15647 74868 94846 -38348 65125 -52798 -52711 86483 -72004 -25611 -54645 21542 -32289 81717 -74543 48055 83074 -96967 -53761 24995 -90346 53817 -86567 50134 86023 39593 -40942 -70974 91090 -49123 -93288 -44326 38131 87520 -60303 46669 84645 -31910 79471 -47048 -63235 -40179 19268 -58953 -95058 73121 -34341 69984 64273 -51642 36642
-37120 -69427 -41742 66225 -80001 29758 -56720 -81258 -55205 53435 -77871 44747 -73808 52321 23088 -63829 -23436 94731 -7291 97724 -17985 58684 46200 63053 -12438 -37418 -10615 -20108 -29873 -44816 65292 12808 76485 39099 -39164 98303 9378 -93827 -52675 -82021 -7244 -85730 78372 47948 19282 -20847 -89748 -53785 12286 -83788 -5694 -49952 80107 69265 -23828 16777 26505 -77183 -99526 27119 -74944 21745 80281 77680 -94724 -83400 -15617 9556 -25374 -50365 1514 92456 4645 75133 -1422 -41196 -41820 79285 -64715 55428 77658 24332 -23519 63686 -47458 -48182 89956 9589 -59632 -40893 -9596 -6347 57533 88889 71835 91488 -41946 86624 -8474 1013
11508 -9522 43722 -84960 1281 69305 -48218 -86994 -51238 -53503 -14972 -53774 70238 -25390 -37051 15598 89726 68636 -99146 32974 -56005 -71489 -76674 -22403 17565 -72834 -24162 61840 -81137 45937 -62901 9014 -89335 65715 54953 -10718 -3380 -89476 -57493 -93360 28153 -48344 34790 34432 55104 -5490 -38122 -67501 35123 95322 -61431 84858 -39500 -29006 77489 -6355 -60637 -97561 -62257 -42585 50829 38410 -95055 -37507 -65217 -21227 52637 68992 -35753 -36 -81422 22399 2548 -34270 -55696 96920 91987 48327 -40817 35143 10466 64970 69393 97320 -66650 -94469 36550 -80709 -19897 2859 85651 -13253 89785 33996 -53817 -7981 -36164 -36059 -51057 98211
5071 -91061 -96761 26122 98574 87023 -39362 -99263 -39269 45476 -9213 53635 -9427 18566 -91723 -19471 -2099 77198 -70494 97576 15640 57810 -21711 -51998 -76539 1309 -56392 87619 -18240 -68850 -38721 44666 -57443 64128 65612 -6261 76067 -78025 -7863 38986 -5298 36102 -47994 33500 -80163 -20042 -45574 -92057 -57887 -5639 -330 10768 22193 81332 -61632 23352 -77124 -79979 -50028 -77815 -63610 -61368 -80339 72865 -32368 5000 34703 -67342 86468 32528 -28373 53868 90365 57723 29554 54106 -1842 -93779 56317 70494 -7272 -53647 83068 -21791 -19148 62485 58844 51155 -65527 -99678 50136 -45632 -11828 -21145 -98654 -28465 19580 -77284 27573 69177
97923 40276 75453 83364 -50303 -57052 30965 -39046 98201 -36245 -13933 86046 -73772 -8586 -53642 -2969 5199 62262 -4447 26119 24052 -63400 -53324 -26983 -26520 83013 -57580 90593 30839 61551 54638 -47369 -91742 -53014 -83996 77294 -20276 -42638 -15351 -56065 1144 -7522 -15887 67967 52303 446 54466 -55130 -63111 -18471 -69212 93409 44382 -87205 -13882 -5462 -1681 40940 76536 -48214 -19235 -84452 -88580 -94158 -5979 -78739 -26398 22488 -93263 -48588 76620 -93455 97779 -33792 -38849 -40476 -28984 -94832 -81517 64476 89972 -77643 -74075 -3908 -74609 50954 -99071 -49957 5602 69216 325 -84963 -71754 32117 70081 5857 11382 -39061 91544 -336
-26279 72549 69465 -50047 38850 38192 70783 -42734 38319 4340 -84384 -35890 -67709 -62409 -19602 63077 -98012 -48766 6394 4549 36177 47587 52502 19921 -46835 86018 29466 97021 -20247 71696 -59834 -31217 46880 -2654 23507 -34140 35361 -66962 -33758 19078 87571 33144 -7211 -23723 76130 -66756 -21734 18804 -23526 23452 72991 -33413 -99851 57621 52370 -18807 15945 -46232 39041 -68976 47606 22191 83518 -48982 -24548 83885 93207 78108 4758 65935 -516 56675 68600 -6435 -87334 -91290 -81148 25958 18474 -66472 -7820 11560 64510 88921 -21500 -34058 -57219 -8337 66889 -6362 -92110 -90285 655 -73901 37190 -58421 -6853 -82962 -1061 48846
-20387 -33326 25943 -70568 -51412 38193 84233 17827 82702 84100 -75388 52309 22120 51614 -89369 1575 -57050 -19372 77256 81502 -42266 -55967 35653 -21262 -84443 -73646 97689 -54558 29254 56322 20714 -66284 -72478 -3214 -42593 -48220 59217 -77420 -5680 -64509 24212 -69225 -95435 -51320 -14639 -87064 -58039 -45792 -97750 71990 -46839 -69575 2845 67024 48696 44903 35496 -53164 92762 -62816 40105 -85937 52222 -7856 58463 -48938 -32560 -7973 99420 72564 43152 98392 24398 -38569 38699 10071 84242 -37384 -6555 -39536 -62042 30059 67577 -31798 -47163 -44756 -17811 -65720 -36343 -78831 -17924 91907 -80883 -17717 67038 -80501 -87458 -75005 10080 -82326
-91297 64509 -90388 -48405 48721 -68369 98247 -63954 -76830 -17736 -10909 -90517 -43834 47437 -97633 -3502 -93796 -14532 60434 -17513 58271 -52364 -50902 12052 16691 3278 -81655 65072 -69439 -98477 20782 71848 -2482 86234 85496 21867 -8717 -13531 -78590 -75176 -13307 -99053 50268 85159 29584 -53948 -90067 53806 90200 36863 -71215 84752 31067 77283 -79391 -26883 27132 -14772 -51249 29256 -86285 20348 -42076 -89643 -39567 -73755 -41152 -27133 -19805 65536 -50132 54314 73537 -40943 -39404 92039 -33390 39066 61526 -50288 -72420 -41107 -75443 -33076 78069 -42742 -84645 56778 -23939 95669 13458 56163 76464 54453 -35389 -53179 53276 -19160 85071 99029
59390 -5854 -11485 -92510 -37469 -71722 -60000 43971 -84872 65416 35956 23242 39347 -19531 48191 9265 55085 -78518 90841 -32987 -40099 2635 -27250 -66208 -66817 36203 -11774 19949 -55384 94341 23135 45133 69377 45165 35321 -71860 -44158 39177 -60813 -54324 92715 99801 -18948 -25855 72093 45375 98177 2621 -99269 16060 -77462 69218 -83027 77736 70582 -2842 12893 -48657 83034 -70291 -10961 19903 -15514 -32014 47037 35096 58913 -84461 -44626 26060 46632 -48429 -96974 24609 12971 -51028 -93305 -50733 31190 67406 80305 -69107 -17598 98556 98068 69823 -11100 45086 -81723 -15893 -89405 4822 -88073 57746 -53138 -89661 34615 -47785 -35516 -43583
39570 18701 -56294 86913 -7965 92530 -60413 -35404 -22976 -61642 53134 -2075 -35698 -98915 -55702 96951 67121 -8855 81045 36549 -21968 -86335 49045 78790 -89297 -56667 -83103 34707 73600 92000 21223 -28655 -56206 -3234 53838 98516 -13352 -19626 75026 7426 2724 -81160 83640 -98982 89689 11459 -27982 46123 -32759 -29452 -53243 -24319 -51185 -96836 -1825 53988 42587 47826 28905 67480 -64995 -78269 -79451 -30441 60365 -88930 14706 -83787 -48201 -63195 35386 47593 33465 2122 -61608 99782 -29223 48925 90385 -13128 -4172 6439 -29316 -71976 -78413 -33110 85021 -53199 -44677 64425 4440 -98528 42958 -53880 20048 90062 -79462 46580 -22669 -2549
-48487 -97297 63353 -57809 -98358 -80712 -16202 79158 7187 67422 -75409 26498 -13736 -22080 6343 -27019 -13239 -61504 -20054 -93231 -9345 61494 68128 -69671 39197 -46916 73182 48779 25566 58498 59859 3975 -98607 82756 18329 2670 -67551 -4184 92711 37541 -37956 40978 -90044 10068 -15003 95850 -88459 -94168 91620 -61469 -23324 8659 -7889 7767 15050 30408 -992 28629 82934 9660 -5307 6288 -46543 -39728 -92651 -25661 -24474 61753 -92393 -12261 -11895 15810 38691 96225 -69382 39878 -79482 -92057 89487 -16407 -2552 -2880 95011 39008 -65038 -45949 60646 44901 -86202 -38022 -72179 79050 -99653 33885 381 -8569 -6350 80691 47237 -79001
76162 -13463 -97769 93288 -23974 73486 62092 19337 40168 25971 -33074 -77005 -69657 99971 55787 -12326 90838 -18922 -33425 50325 7692 -27465 63615 55705 94884 45491 -5874 -3239 69303 56700 -81167 -16257 -99544 -45209 -71349 -498 -32989 -4493 19962 6075 -11125 37182 -11086 -73116 -99319 21108 -23938 85264 -94817 -9490 -29212 55894 -52530 -43861 93700 93411 -61295 -6035 60756 -25046 3015 87034 -37896 -42891 -18472 37909 61470 -57619 54746 -26130 -13501 82579 -91022 67031 -23311 -1541 24703 -23293 -71735 -95133 24216 -83770 99954 -60884 -52836 83916 -18376 -84128 -84260 -63932 70298 -19858 35019 -97874 -77649 -45248 -17319 -39023 86999 66871
-17879 74041 -44441 93622 73034 -95810 64294 71061 -73061 -60446 -98914 -57381 65658 -62649 -23294 -91168 37337 -50750 43938 -90304 74071 -10174 60678 66335 -7783 88301 72735 -63789 2966 23337 -96496 -78790 -7783 26948 76419 -6332 -97162 -54175 -60770 58108 78914 -44903 1277 83385 1239 9045 81057 -60565 -29568 -62563 -99819 -16947 -36868 51970 76663 72856 26605 -5405 55778 -5199 -71245 -38151 -79619 41516 55002 -65967 98109 32296 -87007 24833 -43410 -23053 93049 90440 -68943 -66262 45851 -28844 61491 11509 -52128 -59419 -40116 81723 68222 81249 57754 -66982 -74546 67391 -51449 -49831 -77711 83336 -54425 66742 52023 -56087 49104 -6921
91000 19866 64380 -3411 -37901 8868 -88689 -73797 68387 39033 83768 -48491 -59189 31206 74826 -91827 -40324 95730 67006 -50061 -76297 55400 67328 -92239 62023 -2479 57426 -69880 19343 69629 -86047 78142 -41892 82302 -13939 -87563 80981 23516 -4416 -84084 -84107 25157 -34357 -13901 97763 -37785 -41929 75772 -14131 7255 -39227 -7451 -35613 -5009 64935 27809 -17547 91501 40677 -36621 96659 -26774 -96862 7497 5276 90827 96946 46215 42844 -86574 5237 -80255 -1801 -63783 15166 -82254 -19567 45191 43443 -30314 -70486 -83659 -66959 -9707 -58678 -26835 -49517 53226 -18696 68918 16005 -28037 14624 -79876 8115 12121 -51425 -45096 -12090 61905
48066 80962 73410 61251 85961 -41449 -27903 41875 26114 8171 -30364 86841 -47794 28766 -61520 -58762 -70326 -86730 -93008 94506 -95175 10386 59299 -21833 87893 77576 -57998 7129 -55046 29004 -21014 84712 -23032 63976 69718 -56817 -64609 -99074 -10162 -47703 -79432 -66021 89783 -61914 -32857 75686 -53940 -86664 -4669 -36180 -91872 29237 25221 -91020 95679 -39779 -65760 -60271 -41236 14643 -90271 1504 95173 -63365 -47132 -41374 90221 6225 -25511 -3599 -70381 39555 11334 -90607 12212 -67563 -15609 -48535 -83800 -17206 -21002 -80486 -49014 48622 45474 -87833 -61738 79054 -62359 20721 9635 8233 21366 -64246 -11562 73413 -71980 -84010 -10533 17987
56686 16166 50659 -18254 -79576 29893 -32042 -89939 70520 7629 60908 76714 -10509 85367 -23930 -56649 29310 47009 13192 19131 18884 -79895 26722 -86068 9026 93457 20433 15735 21101 -91260 6385 -39867 -98138 81571 29434 61848 80765 80073 3458 48753 42830 -8799 -17331 18156 78152 -23955 -8162 -94497 64644 52946 33333 8021 28032 49995 1775 24669 -44158 -46064 69171 -1092 -49298 62236 -8921 -11971 32794 -4764 66524 49687 -90805 4667 33494 29616 14888 -77872 -44729 57260 -76028 50064 -37386 -69105 91623 24307 -97805 -71443 18522 72554 3709 -35367 -27237 14617 -30107 92308 -19670 99202 -77939 20453 29403 -39023 -61948 -89091
-14342 33111 -12741 30821 58615 30097 39774 33051 83097 -12093 68350 -7837 98381 2209 -11428 27366 97551 -45285 19373 69762 -33561 27008 55127 29213 -35509 -42697 -58125 -53561 82539 60968 -74255 60596 83055 -35257 -43340 -31099 -64781 -40275 23911 -97545 47672 -5135 -50552 -87940 79349 -57599 80566 -46638 91837 15200 88571 23098 64389 -84430 2511 -88301 -38978 29357 -48647 -11368 52342 75400 -41136 44954 76325 99592 19645 -21006 78316 67836 3192 13731 -12704 74153 81472 77161 -92380 66014 64240 -20186 -27362 -5843 96340 43892 80920 -59289 96745 -1405 94199 -20147 71663 68273 29772 -62242 -41078 49025 -85065 -10677 -33512 71191
92615 -70407 -44282 56048 -33410 -80998 18314 15228 30698 15194 -30632 35449 94875 56334 -2893 65706 -91987 537 23503 54007 99339 -30964 -16768 89144 -69210 45614 -45202 5989 -24857 -89554 -98747 -75172 -13618 73892 76709 -82128 -45506 71287 -84591 74291 -92859 -76111 -44588 39600 86894 86828 -54229 37360 3864 62353 59670 18372 15809 82658 10938 -1566 49512 -67871 -80607 -1993 -16611 -81131 43261 19564 -66914 -94619 -18735 64333 39257 76013 26127 -43899 6113 87 89459 -52135 13871 -79622 -56494 -26124 -71249 31943 -77397 72946 -35345 -57051 69096 84647 -11594 63820 41461 94234 276 -22880 46018 73138 796 13127 80347 36727
19025 -60751 30862 -66175 5632 85368 44093 80977 -80429 65845 -22598 -49009 -2476 58254 -81371 -99452 78925 -14667 -18984 -32432 -94053 20015 12469 42331 -85442 81535 17914 -75706 -8487 -73519 -65314 64625 72189 -62425 -85486 35629 -59606 -73007 -77321 69231 -39959 69307 -53320 -32734 -61192 27077 41857 47850 46184 14838 -24955 62464 -23613 -63149 21875 95417 77980 -45290 -76034 42720 -65482 77193 -25916 -46326 94748 27349 -44173 26117 -54069 -24465 -43841 13324 45836 -35683 80295 -74700 2380 -2431 -45912 41026 8506 23349 -25112 -83217 -23001 -59484 -22265 -96314 -4814 26979 1909 -4626 87461 -38874 30810 93972 -63987 -77961 -72285 85211
31125 -61521 26671 -38130 -73811 -77961 -45268 66865 -80450 -85225 86557 -7167 94190 -99354 -76855 -75300 -30413 18460 65529 -58310 92483 86876 47501 -46497 87787 -12531 96394 69834 -76018 99246 16411 14037 -98958 -98495 66271 78275 84930 54779 62836 -30952 52708 -98457 -28854 93545 -36608 26862 24607 -63456 90896 -27532 -95191 -47055 26627 57277 31912 -15156 -4530 -56639 -96835 6625 13539 -68854 -33742 32096 82583 -48601 18977 87644 75866 -10003 2129 -12389 -99948 -650 61361 3772 -46060 73566 -2684 -48463 59115 84284 -66651 64004 61151 -95158 31404 59803 -65643 42408 34679 -82501 37999 -96752 -21223 72884 3097 -40995 24864 -11260
3119 -62744 -65225 -29303 -96548 48442 -36608 77150 41453 -98373 -96969 -54627 -33542 95824 -76300 -41837 -92774 -80653 61321 -61628 89098 61021 25789 16255 63805 75273 -18649 439 -89433 -73361 17220 -9442 -94242 53704 -15022 -15230 98054 46481 56430 33161 -48014 -18094 7253 96404 -41541 48052 -43829 78018 -62979 30413 15313 53231 13920 47405 33508 64809 -1222 41612 49359 91257 -96416 34596 -20478 -29463 -4749 22765 96974 30793 91785 80413 81286 -36955 81138 67962 72058 -43283 34009 -53020 -69661 59723 -1355 51239 -98151 85954 65769 -27379 -89473 70435 -51458 -17471 48586 69950 -30741 -50113 -90984 -91201 46791 -71920 -71425 -32753
34509 -64209 5092 -55796 -55972 54429 11932 12597 43220 30838 24119 92142 52855 -33574 86743 -54004 7925 -39247 19452 83752 -44568 40563 50369 -1772 77745 -43844 -25476 85040 -77016 27624 64601 -53564 64358 61414 43860 -76815 43140 61929 -91532 6617 3320 27099 10105 -88836 65154 10818 -93585 -54125 28192 -50345 45346 -85674 -60364 -54058 2511 97433 -12452 46857 97744 43430 96436 51641 84357 94270 -33332 76778 -8617 37098 110 45887 -42167 -5682 -80876 2123 -62848 -97386 -16662 -29307 49843 -46973 67495 98342 67688 74823 807 57823 33786 -84471 -12553 79778 299 12510 25358 5922 -95939 -49240 -73023 -16203 70262 -72429
33319 -92643 82629 -6315 31178 4225 48612 85229 -91946 -6290 -94679 -16726 16470 -76078 41358 -43566 90977 -41622 -29133 -77170 5249 70796 -64767 47447 -2861 91577 91205 -48741 -27345 -91852 70733 94531 50055 -68197 94957 -1464 32168 47979 -50185 37753 21670 43592 87116 91764 56358 -12062 93191 44605 58378 22204 -66240 79476 63938 -25609 64067 70681 44452 51749 -30779 -91419 31630 -77354 67429 97348 96952 -41921 35157 -65896 1727 -19679 -33245 60620 97165 3869 -65211 19972 33802 -41294 40975 91279 55035 -67291 83176 41004 48123 -41475 -52829 5149 46874 85243 -87611 -95714 77917 -24416 61440 5944 -7379 -98658 10562 65077
34292 -76138 68940 72157 -80128 -88449 7075 59507 -59399 15888 11875 43125 95749 4372 -84468 87689 -92802 -10374 35763 -56369 -52022 6786 -31262 -51392 -84815 -8452 89138 -92048 2664 -1522 16916 52403 -15900 77313 54226 -82441 49470 -24194 -20902 -936 -35774 7446 69869 69985 81009 -42006 92873 -95031 1827 -50161 36816 -39065 -81130 82275 84785 52703 48215 -32914 -24148 25591 -47865 79631 52218 -9560 43866 -33069 -10614 68311 25961 -43573 63213 -27071 55445 -99086 -10483 89422 -65152 -4155 71960 29527 -23653 52597 -68383 -40531 -13973 62829 7805 -49241 -63859 80908 76742 -65911 -65403 -744 -62942 4391 -43909 -15758 46821 -51065
91913 -35277 36173 33431 -11439 97374 73724 52700 -84147 -61272 12991 -91483 84109 62747 -47280 37713 98386 -61398 -99687 -60044 30515 26919 64341 14603 46564 46401 30080 -15462 -74329 25699 42682 85894 -67313 51375 -15560 -8955 85336 -77363 64307 -30219 -8780 -4806 59441 -98826 89257 -86067 -92750 33599 94937 -87744 15874 -79726 27342 -61053 -76185 -31847 -67072 -75194 42946 -50301 7848 95463 26071 82567 -73265 -29415 -9414 46507 -93548 25938 74235 12017 54330 32439 62833 -79008 -18017 2830 38401 22500 82638 -39019 -94928 -37145 -5997 -82230 73468 -36335 -77425 -81227 -91934 32890 28773 79203 36507 46337 -42776 31069 -67404 -84035
96133 -4643 -18481 53362 -83441 94749 -82340 -54646 83002 90652 44376 -70841 -60840 22910 -30565 -99513 -45454 5315 -35570 -56530 -31434 70069 39997 15369 15055 91104 -5278 -80127 -62175 -21139 70029 -15684 -54280 -35906 -15705 45645 -29245 37320 19142 69719 20921 35501 -537 11868 -56182 9289 -60120 36960 18581 75298 96662 -40090 80339 90194 63355 -60045 82351 41356 61105 -98476 43176 81786 -56919 -28957 -57043 -87660 -83654 -91931 3507 91664 -62056 -19538 81431 11347 -71907 -3403 -47689 -69410 -20904 -95930 -39980 84477 51577 -4684 56566 82297 56059 44070 82315 10321 -77149 46267 -18964 -34836 -81045 -44994 -86603 -76165 91903 -707
59730 -52927 -19321 -71199 45360 -74752 30549 -6232 88969 21615 -47632 23979 -49212 64254 -39775 37668 21242 40293 27431 94411 -99629 -91041 -40326 11137 26168 78923 -1416 22811 -64063 -34441 -33293 71864 83283 53216 -2114 5904 -24182 -850 -98219 34267 -78937 17479 -98227 76090 88054 -13997 -99626 26485 -35232 26594 -23945 -23751 -33266 22984 -50754 -74088 -9599 33562 -4863 -77095 74052 15721 -63550 58591 -89275 -38434 -75155 94112 78935 -36945 21485 47191 -67051 -87032 14407 35539 18792 56609 88969 30265 30394 67109 1211 7262 -56322 75114 10353 -62311 27879 55051 -21570 -45824 472 40236 13273 95093 33946 59204 -94121 -84300
54461 -73207 -37671 40189 -11399 -54578 26411 73960 13770 -17397 -20113 -17288 -63276 11366 39959 -22266 -33951 15334 -49099 99357 5751 33995 -58451 88076 -3803 45846 -8006 64024 -67515 -41461 54261 67917 -18800 -45097 -39875 -12333 -39724 80323 -15226 -98345 31110 -85321 74727 99101 -36243 -51548 -19809 -74538 37296 -84779 89677 -77286 61855 -86458 24034 69853 -13993 -56597 -67690 -90020 9721 61499 26424 -32870 36928 -44425 44604 81258 33861 -21180 -99033 -70107 81830 85286 90111 -84664 12873 -36057 -71447 -28035 -79013 61589 92303 30023 12823 80415 3048 -92254 27588 28707 -84394 -64901 5005 66926 -77287 46140 -54333 91862 67095 -48927
32846 82788 -79536 -51801 75865 -99308 38838 86423 77090 69122 -61557 14932 -36820 -65991 -31746 -30807 6252 -48872 37179 12438 68726 -37198 -61856 -41293 23583 85066 -4805 65518 35360 -80418 -87007 -93711 -45705 99925 -85502 41122 59383 -87063 1891 52078 -46131 -78954 9746 -21748 -95042 9555 -79089 -72942 70579 69135 26731 7892 -58751 31789 83744 99490 63660 -66679 -44680 83602 -37725 50832 70108 -42782 -23923 88863 -1340 75050 87044 39739 -61127 58407 -4086 82923 -92913 -11833 -21285 -84108 -8292 -19709 19737 -87258 44081 51374 42843 30557 1180 12801 -63967 14692 -58493 83964 4555 7178 28392 -61276 23290 -12545 -29874 92561
92140 70493 65072 73218 -51407 30459 -55463 -52918 74571 94526 94553 35194 -80296 -2903 -5228 -7578 -87015 -67589 83396 92049 -21484 -56871 35250 -48009 72874 -41042 76335 -51794 -45812 -18295 19540 -69232 53565 41992 89888 32976 57895 -44227 -66203 -90898 -23720 63590 -97314 -53865 16290 -72892 -46745 99090 -7836 18311 -13008 -38510 -47934 -67407 10248 -69966 38154 83262 -81011 26016 -1496 44307 24903 -55876 -58120 45890 74585 -99607 -30598 -84196 -73311 73222 76960 -65260 -56210 22715 -40866 39311 -42990 5442 47364 1523 -55919 27634 -42299 -61901 -10644 31143 79027 19817 28025 17909 16577 -93649 76288 67989 -5328 -26503 -19169 82789
-71295 26443 -30383 -32660 8482 55310 -62988 22817 24217 -60207 10455 -344 57954 42068 -11384 -65210 -55689 92943 -25405 27864 50040 -29996 -74865 -60983 -29912 50191 -18767 -62305 -65831 -85980 -8352 -60126 55953 17257 -58507 857 -36045 -39444 52310 6504 -58531 43742 -39409 23573 64514 35406 33696 -32473 95651 44514 36271 13585 65885 29809 -28440 54201 67374 98393 -34301 57761 76276 -38345 59717 4240 43236 -6941 -71052 40161 64389 18124 88771 -14831 16976 34972 -66007 -46356 -82739 49777 69657 -58865 86192 -84661 98469 36184 -50425 -53223 3893 -62937 -69406 40971 30767 63708 42360 46416 56106 -53638 1372 -35012 -72340 -93917
-85182 -35359 -29298 -54699 23032 90551 11185 29886 53372 48041 -12048 55911 29618 27821 -79889 -36796 60929 89433 -79899 -98260 32567 -82006 -38889 -95765 31902 77877 -33080 42497 -79405 11044 -36521 -69768 -83099 -26149 -94919 35890 -82478 92151 47007 52708 15954 21852 -77504 -52079 27386 5062 19322 37586 45347 33367 -58005 4357 86273 24265 -3171 77807 33640 -77328 -48282 -33826 10486 92703 -46128 56368 40294 -69169 -32372 71871 -94765 16088 -88153 -57718 98106 -75942 98454 -3449 -9355 -39883 83797 -64416 -52554 -16696 -55092 59407 19913 -18771 -79161 70386 -91815 95869 30562 -88764 51199 -1532 67797 56950 -81351 -13971 -56637 -42555
-25220 29651 36562 -42498 -51388 -62906 32298 32781 77726 25767 40201 -2873 -97903 58873 28891 8680 80541 -20914 -87870 69188 -6888 95513 -82126 4330 -89306 59938 -7476 51002 82337 85223 91545 11088 -59906 -29404 -74709 84281 19713 39999 -2582 -59126 9935 97351 -68679 -71110 80326 -39545 70707 75956 -75275 -84779 22607 -72363 -90038 78535 49219 -25475 46290 41480 76043 10849 76515 -15299 -58550 44334 -68789 -50772 -83952 4414 89303 -24952 -18885 60008 -18994 77614 -96612 11674 92387 86277 -33913 -31846 -41422 32843 11573 -24304 -19797 -7625 -58650 -57264 -39132 -21377 24523 -45746 -29731 91903 43534 82881 32333 8583 -59466 -91574
16349 -3366 84895 -1515 -38551 41597 -55838 -9762 14602 77292 -58618 -66478 -10386 -90023 80165 2719 -1167 -90595 -34035 32099 5624 9835 37655 -42493 -2701 -9745 -6193 77837 73876 17895 -63222 92450 -93078 -9686 -89594 -54377 -85417 48530 53037 -98039 16523 -25192 -69270 -80203 -80532 50739 23906 -15055 39520 -89302 16994 14151 -9685 36760 99898 11160 -99460 -25304 -73264 -29793 51435 -11709 1347 2867 -48935 -37397 -85536 66584 44659 -43068 -48300 27338 -95900 -66621 -12870 -88492 76144 -74158 -24303 -81998 -24091 -8733 -88198 -53090 -6712 -82003 -52010 -1733 -13900 -56432 78514 36069 17314 83466 -2626 -22676 91305 55502 10038 48798
10725 61881 -30965 93391 96973 65693 25094 89121 19838 73393 87248 30892 56778 35122 41419 -13762 -86153 -49535 4988 -59401 -44495 88162 -41870 -73859 67367 51688 97326 -27397 -48326 57185 -76369 -78570 -23022 -1021 -48223 69815 -9943 51126 -7578 -77666 61957 76860 21505 -73841 44232 -78366 -82441 40297 -50391 -25276 64651 -78684 -26079 33081 -43797 -63545 74009 -67632 44641 -67795 58467 -64479 -98135 -73501 -14917 -27830 -70471 -84356 68307 83377 -37347 82815 -94051 -31610 -81240 651 -75100 -28117 -48833 -46797 12389 -1187 52802 -48658 87378 69044 -50645 -63714 -31149 98574 -71110 41395 22537 -22586 -80085 44694 97536 95870 52672 -1074
-51093 -74372 60261 54243 28497 -91568 50728 25832 2351 -99126 -63136 -16169 11930 73213 -42264 63585 -78542 -28475 -85436 33636 -17512 -6986 12470 49327 -2777 -8335 -52021 -97896 62550 -15052 -73033 12449 -82778 -17187 16289 -3200 -47155 62944 -86700 -85808 33411 46303 -38596 9796 63888 -82382 34540 -21621 63344 -4071 71842 97038 73029 27142 33302 66613 44491 -99421 1614 36284 -90125 10264 69352 51501 38179 19714 -31765 43005 -63426 -95266 -31011 -88059 -17045 2401 3862 -98728 79126 203 54674 -82524 11720 59695 87971 14694 26517 98301 -76308 116 -20721 30870 80681 -28053 14995 -52805 -93483 13823 -25402 51620 15958 19509
-18779 -61270 -98835 -90858 -16388 -61272 58976 32442 -4465 29443 -90004 26113 -59719 -30759 -31288 -68178 50421 -61673 65361 52722 71018 52426 -75635 29460 -72533 -40707 -97317 -35304 55602 -68656 -46478 50742 30072 -48007 11868 13651 79338 -40367 60061 -64765 78763 -97641 39902 -87966 98178 76948 -51120 73131 20070 -22466 68410 20754 50777 -14329 -73033 49068 74644 -63316 -47266 64794 18940 -27957 64667 54138 81058 -43427 23076 -61073 74614 47661 -98184 67004 81616 -88691 -35251 -31289 -24335 -36489 -13261 -43089 -18139 6030 -38179 -17558 64254 -12227 -55868 -47518 43294 -32455 -70558 14273 -38640 55235 95357 99811 2922 5853 15773 91605
21943 -74667 79202 86391 5416 74536 26218 -12296 81027 4919 58746 -17585 95112 -35426 59151 -88009 24282 -76933 6343 79074 -147 93872 -46348 -6359 48739 36568 -59381 17967 63696 79872 -91537 -9931 -47426 44305 -68825 -43624 4851 73634 6651 -71717 10485 72600 64807 -6761 74167 67157 67596 13035 46237 -65045 -81841 57769 -37798 -98620 -77149 3475 -43288 -27654 59599 10986 61512 -40355 99511 27528 -43057 57273 -31278 -92193 30799 49491 -56595 96413 -28300 26756 -73477 -66960 -42133 38130 9104 91086 37617 75718 43674 -25387 18635 7315 95662 81387 -55808 80941 64432 -38633 -71427 -25848 -42940 -22513 -15557 62275 -25027 49432
-64301 -74573 35564 39871 74212 3648 -99898 55684 73534 15746 -54580 97237 58134 -65113 -58917 32077 91657 27988 38108 8595 96357 82752 -90423 -81618 81604 -38708 91659 10084 77988 -25612 -75338 -90188 86276 -39401 30896 -7026 -13586 -80544 58171 7311 -64048 -28608 -77725 80749 82449 -76980 -69745 92979 78424 -97978 18542 59572 69666 -1988 68117 -70466 -72078 7410 87334 -25416 54492 -81108 4762 89816 1829 12154 44654 85109 86027 -46299 -21378 5106 -41139 -58359 -30417 -42332 -44686 67341 80990 43033 -83407 8447 63146 34981 20048 -59552 44747 -53286 -96632 -66477 -25354 40349 4934 47156 45083 -96922 -72765 -51188 18921 60889
80852 -9843 88474 -25683 -24145 -71481 76333 52003 55650 28811 72151 71681 91997 -33761 -50199 -74200 93616 94516 69728 -45738 -73641 -66454 63057 -71340 -95052 -98573 -18780 -37211 25505 -49050 -54240 -52137 73212 -12083 -75872 -62435 -2038 -75642 15575 -43231 52115 -42355 5855 -45149 81489 6337 -34634 -49069 -50760 -79755 54411 -45638 -50163 2227 -78657 -97660 55851 87408 69031 22867 64833 53812 50101 -10453 -52126 28890 -4340 -18678 43921 11535 66396 -84671 -35120 -38246 -84827 -11566 -12742 -96196 -32788 61179 -3119 65645 47157 11731 -21173 92284 64172 -74308 -21877 70053 -68694 -93092 64497 82896 -33119 75213 78251 66474 50574 5497
-61026 23950 -10344 78089 58126 -79418 -72653 82711 -91635 -11561 -5839 -28322 67015 92456 -64266 -68196 13733 53823 31074 27754 -11107 55144 -53655 35439 21697 -45863 -48646 98730 65647 -98457 49643 12483 70063 -82228 -43696 10337 78995 31088 -28521 95948 30451 60504 -25894 78968 -9448 32191 46224 24294 -29593 -11107 -62794 17335 37494 -74095 -7413 -76292 42527 97235 -69696 76072 -62000 38736 -31566 -35828 -88865 79739 23812 63385 37666 -73970 -64445 -11358 -936 -15036 31510 -41149 63299 -54445 62026 -22267 1897 1369 -42472 61067 -48052 21558 64836 -91569 -63306 -40533 -38012 42299 24493 522 -21785 -45162 -2343 -13928 -93511 -46428
-1231 33728 -96000 95204 -35683 -72674 -5429 -5617 58151 -96853 -12997 71820 57321 92534 68532 -95151 67855 99333 -33371 85925 -72540 33640 25022 -80708 18948 56552 42820 42015 33026 -37327 -44781 47161 -57279 16404 -63175 16340 2017 37254 -17232 -49592 -63283 74985 -80210 84286 45918 81682 26089 -8251 48070 9973 -39100 -96808 68287 -38409 64491 1801 72926 -2080 -73962 -48095 -60031 6895 -18792 11871 37733 -60711 75304 -27600 85947 85250 -6674 -89478 -30505 67314 90896 42820 -33646 -37788 80840 84281 57094 -53386 88923 -54597 -44383 37760 14718 -74012 -67449 -56525 -98375 -44058 -98451 84076 -32872 -37304 38615 45700 -13376 -82901
-98296 -87442 20371 -88144 37939 -49231 51443 30936 -51487 -89526 99399 -71894 28719 66545 73439 -93515 21523 90575 -14661 -96144 71768 -51320 81397 2896 64380 -70446 -52464 64763 21631 88047 -54087 66973 88497 -92613 81382 88967 51114 81755 -43498 -91811 72801 -14885 65541 -54739 70937 80263 63796 84312 -32749 58826 -61243 89753 -43662 -35389 60707 -79215 -20723 42984 -79979 22077 -94076 -73788 -41829 44557 -50329 40075 -25383 -37836 -27954 4977 84797 14255 24719 23417 56684 -1897 56720 38197 62779 -89916 3969 70908 14236 15630 -6283 -81378 52483 -68220 -88589 -30744 43328 -45071 -79049 44344 -61967 16187 80615 -26966 60022 51742
42679 66783 -76952 -23104 38087 -88836 -41071 65210 -25039 16047 49622 73601 17307 61000 -50053 -66943 -37604 -80791 -7025 -19299 42235 -90873 43992 20766 -13451 -69125 -1141 -47720 81600 -80475 31008 -71426 -95702 -72046 36678 -99424 62469 26580 -46661 39617 -7219 66808 -48641 -88532 35292 60049 -28792 59961 46662 -8946 -34535 54929 82488 -21343 63956 85006 -69736 -93007 -56742 87682 4192 47706 -22481 25126 63306 -76882 -97623 -96950 26170 -11202 76726 -46418 14061 80936 77726 -26951 10222 81279 -6204 -74886 -71249 -79536 8066 -72538 -51769 61236 72171 -86305 -42278 -87553 40441 21601 -27571 -13741 -87557 -55296 -22348 44552 -4555 -97499
58746 -53608 8991 -32266 -73684 51133 -27555 12617 79058 -6696 -25605 -40090 57904 -51369 -16595 13482 -95838 -24306 -53008 90183 90032 40870 -82767 -98776 -60354 -82735 -59363 24251 9587 -81643 88702 83710 -75788 -11975 -40477 87818 -48934 39878 -34114 -64364 36924 61183 -29892 46131 67422 -54269 65670 -37328 -53728 -53907 28264 -4725 468 -66046 89052 89612 -11214 -63491 -3041 -16571 -58015 -81932 68395 -99296 11229 -21329 53133 49812 -71028 -75278 50292 -34465 81896 38064 1529 51166 -29492 68309 -8346 8105 -48599 68942 -98609 64220 -3641 -85978 -80996 -93309 -59291 27972 99559 18645 54004 -59948 43524 45796 -7406 95789 22081 -55931
-70514 31964 68531 -64406 44547 -57783 -93799 48982 -59770 -69147 -27678 -18378 -26336 11515 -18106 35181 -31398 -76413 -30452 26455 -32373 89720 9037 -51004 838 -3095 92414 3749 -10130 -34053 -49813 -50520 11106 -10136 -11339 -412 66045 -82398 -93243 -55814 46696 -36949 94007 36688 -31620 -95807 -85690 -5025 77603 54857 -17730 -2179 -16740 4682 -23195 -16535 -81544 31756 -6345 76719 -27387 -32959 2948 7050 -2596 -10578 22782 -10308 -67525 -62994 -67081 43975 -75153 14250 57364 -65368 56956 -12411 70950 552 -19924 -37974 71398 -82196 -46154 -2538 74684 79555 -30601 33464 76234 31296 -10450 82662 51435 -13609 -69456 59576 -3199 32255
-3952 1482 -64161 3195 -30729 -53544 -65591 -31534 96884 20852 -44694 76641 -39274 61644 -4749 63991 55229 83770 -70650 11326 98907 -86063 -53131 38340 69861 75976 -82496 -4297 77540 -86587 -75959 -72081 75100 -98065 -31986 -60956 -59599 69463 89288 -54449 -7120 28002 71599 -62239 -27804 65156 -74798 15953 -78791 68975 3506 48732 -55003 24112 -24337 -56471 -25496 13171 -8882 2073 50105 -84387 56864 50499 -60131 -89348 85194 -32101 20800 -84690 577 64553 51627 38049 17408 -90457 5346 26204 -14036 -1719 46071 10036 -94321 -67869 86584 97586 54356 19610 85671 52861 -38892 -15749 -44928 79560 -6625 64845 64869 -83968 -99376 -18954
78134 -68552 10347 10218 13672 -96321 -7925 34263 -24025 99700 -68388 13966 52640 79017 -96222 78638 66860 97928 40448 13224 9980 -50257 13771 -61198 55741 -92009 -45040 13739 -43108 17046 -3445 -57586 55551 -69496 22241 -59095 44511 -52784 9004 23908 -6697 -39670 9994 -16215 -34322 15470 -88307 -49797 -3988 -321 -61161 82404 -23857 86915 17347 -58052 -61638 94875 86880 41928 46024 19847 -3484 14617 -8149 28072 -86116 11085 -17046 66662 93484 20491 84705 -40986 -58780 -59737 76866 94532 -8920 -57372 89215 44585 78450 59079 -62243 -38391 -93526 -12377 -67352 -47492 63183 72149 -1189 80988 64376 -57333 -12716 19870 -86485 -60048
-11794 -64281 -66598 -55135 -27818 70534 68028 -36179 76453 69476 -85115 -59741 -16146 -78067 32842 -85303 34288 -73020 86681 -28773 72561 -24491 -60661 -10040 -263 -68862 -43665 36037 -12689 32775 -83726 85340 64804 -6072 -78712 58348 81678 37102 -10192 -7888 71616 -23796 -56992 55233 -72186 -39664 -50894 -10261 64446 58551 59705 66316 -39450 43258 4823 -99353 -47136 -25319 4723 68158 70494 -19944 62994 -34687 65939 93911 13186 -84076 -54722 112 -86694 -88869 -70967 -19133 -86031 -34237 86491 86336 -79708 54493 8975 17418 66828 28215 -17947 28084 63484 -5813 52287 74811 -7033 64545 4795 45662 -10923 -45234 34184 -16715 98027 82212
44381 71167 54941 -74953 85928 -18133 13354 -72557 85962 58658 -92197 83078 53581 90203 30833 76040 3162 95172 64712 29980 88292 1905 4006 77 -3436 -71673 -10791 -61412 80388 34258 59797 99902 98944 -66470 10031 89162 -58955 -81015 98075 96719 71675 -72620 56840 -40570 89720 -49368 -69653 14734 11502 -91443 34659 -37475 -56013 -52917 34782 -18571 12270 84063 95715 24276 71772 -19324 38757 -97389 17430 21144 22067 45432 -70128 40002 -50249 22535 -65197 -72678 -9466 117 3112 -71214 -24982 -85199 -89991 48704 37680 53960 -39526 -38106 -22153 -19007 -31536 -64680 -11024 -31806 65142 79817 4858 -99412 -68003 52466 -43343 -32324
18037 76372 -82864 50416 82147 -72807 23679 -95236 93809 96682 -18920 -40886 926 94472 64924 -97579 70073 -89098 -76630 44613 66599 -56335 7556 -97460 -81205 -44020 -80076 -28099 14121 -43648 -8995 77394 50457 72585 51858 -75853 -28242 -54148 64450 18401 65031 15688 -9761 -15155 -63628 38020 13659 -79235 -4280 -60222 -6271 -27327 -80791 -89014 65313 86267 -95895 44182 5278 88241 44359 -4844 -36291 9613 23880 95850 -74898 47875 5096 -92498 99012 89416 41007 14193 46060 -16439 -96226 7290 -21281 53924 -74838 -65288 78619 -87954 35604 65659 -67799 35762 -31360 62864 -56104 94688 87223 -9152 -36453 -83400 18904 -861 91412 8844
67229 -66231 -63045 26398 5318 54013 83217 -51014 -58293 28950 63802 -77970 -81056 60211 -31912 37406 5825 26975 79595 27891 -71598 -25760 -82098 86333 -53733 59163 75479 -57989 60802 13891 23663 7545 14042 -89580 50486 52288 29415 78589 -7639 -41291 25180 -17041 -17791 46915 81147 -79219 49685 -12189 63766 -79402 -19572 6362 71016 -96277 -71177 -42986 -64287 14153 -25252 -89607 47976 49481 -75251 14327 -22069 -3202 59339 41312 95572 -5392 51212 -78814 10535 -23637 53179 82080 -95041 76377 -71495 74450 -29689 -19259 85858 19095 -2318 66140 -10990 95672 -98725 44985 15602 9865 99764 20899 -52323 29537 -66134 2095 64100 24999
74628 -3350 -49520 -84641 -12025 60607 -86993 -28227 -87546 -17237 -59785 -41264 -3168 -99076 12649 -9067 10536 19179 -10938 34331 -43966 -74407 -67758 -84845 78745 79970 76181 -47686 -21965 25804 -64837 -79948 42133 98109 54182 -42810 -78262 58253 79579 -95723 -54527 1456 46829 -86307 28545 51710 -36517 -66240 -8028 -16117 -15245 -54752 61622 -38844 90934 76699 -86534 -62837 25345 -47761 -10048 -88660 -84852 94029 -25114 58308 67238 -96237 2550 6182 13823 -18538 93391 61657 64999 60496 -354 -15197 74076 10416 -57011 -60886 -78424 49102 -89901 77853 -16346 -59501 18193 -49097 66187 32241 10796 28840 -62443 -20756 -16007 37739 90924 77663
54275 9738 27092 67180 -93254 69488 105 -32566 86008 34 -3481 24617 -41530 -78675 99065 -56489 66404 -2882 27676 -94560 -355 -24430 -70166 30968 4796 -43381 -38171 -83406 12808 -67285 -45751 -46221 24165 -90701 -61164 11629 -40315 39784 46953 -45436 -26518 -81163 59072 75330 11558 -22772 17108 -44347 27517 -3720 -40241 23687 20141 13848 16709 3553 -71621 14539 -86428 69250 92202 32992 -76447 -19823 6801 -56166 14216 69881 -15590 -11114 -50339 -46217 81149 66728 76953 -3092 81 -78485 62163 76516 36912 -68578 66228 -52043 81753 -90740 66682 35130 -80246 -94721 65672 -83693 25105 97743 -60879 -50765 -29846 76274 21759 22481
82372 12461 51787 -46047 39057 375 78146 -17163 -11332 -34094 -5594 65776 -2781 78846 -19653 -97113 -63257 13515 21111 -27135 -63608 -1580 25089 -34286 37905 20485 97720 17085 -5979 81187 8383 -80448 -43563 93674 -43741 54448 -63118 -56469 -70739 99561 1989 40660 44354 -45344 -18803 -93783 -50131 -16858 25567 51100 -42445 -82991 -10421 9080 60507 53010 -39852 -58439 12155 33486 -81578 93648 81202 58482 -44883 -80619 -38194 92348 7476 -64352 81459 23932 -16826 -68489 -4153 -91480 85011 -81838 -81406 -85258 93725 -71371 -22788 36732 28816 95230 68024 59425 -29489 51362 58393 -854 97499 89986 80265 75739 -99677 37292 34624 -45712
-11192 13297 67153 90333 25059 68951 -78355 -34016 -67289 -23278 -90843 -23419 75403 -71464 -6365 -20293 -8459 -2875 -29199 98809 30136 -63661 90583 -96695 10935 98868 -31387 2248 -27092 -47351 -88448 21346 -26875 -61576 -48244 -73900 91728 -69344 -60878 68410 -1026 -47512 10257 24014 45290 -50297 -90603 27430 11574 -46734 18962 57554 -18877 -95853 49539 -52171 -76432 -22598 -70440 13532 28781 -26276 3066 -36029 -51699 -71173 35394 46644 -28613 -44370 62581 51536 -97936 -90785 88906 -71627 38922 88431 -15198 67803 87880 71018 -48200 75913 95429 -93517 66167 15688 27357 -61893 -65927 -35910 78611 -26666 -11985 89757 -59454 88860 -32137 -56395
22940 51173 22114 -71521 -47090 -23796 91103 60276 57250 -63980 39177 70198 -63021 21128 10682 2770 -35567 46 -48769 -87791 -95834 -27044 -7322 -48920 2703 -91968 -92832 73208 66635 -13190 -76991 40382 48539 2772 -10426 -69937 -11196 70949 52420 -65801 -82457 67458 67511 46223 89159 -79098 40760 -89540 96111 -46075 1964 -99473 -67912 -90978 -23776 29769 15283 14480 90531 -79862 17284 39483 -77330 51435 -74937 82250 -25672 49688 21268 59238 11457 -78488 -44086 75703 -22913 64609 88671 -82368 -79580 41135 96209 62099 46988 -98426 29221 -77658 63581 41549 -60562 -24076 57685 -30173 37908 -72894 -56528 47390 -6202 65025 -99261 -80181
64525 78070 -29696 5838 -54070 22362 14903 -2623 -40771 -64377 -74997 -56502 -19507 -52648 -46945 -2824 49840 -4573 35620 -6350 -83849 36305 403 -85144 -55555 -21578 8238 -37444 27056 64399 -24499 -1428 -87401 2717 65256 15725 13527 -59686 95770 43121 -53074 46079 -72274 36156 -34008 876 70914 -58277 -6383 50834 22430 44807 86940 -55963 55701 11496 66830 52412 -52662 -77542 14148 25242 54140 5478 17651 -13565 69532 -66825 -36003 96713 59042 -41504 -98734 -5076 -45216 -50334 -39425 81844 49269 -93121 -36131 5467 62428 68058 34211 83925 31852 87038 -93489 -22562 -69297 -79638 -20648 -28642 21468 40678 -66861 67683 -9357 77235
26307 46187 -58411 -13144 -83499 -65684 73896 25118 -34756 -80264 8952 -15663 -15340 93011 -89692 11440 -10973 79374 51568 31481 -81692 75448 43976 38945 15351 -48264 17451 7554 -56266 99884 37307 41208 86266 -4464 16154 92601 58368 -42918 40700 -8826 -71582 54584 29075 -45653 -91797 6224 92117 -27621 6028 -41756 -34766 61432 -79325 -55451 -51318 19548 16896 58467 -48783 -47351 76797 92079 -67023 -2453 -52383 -59017 -49494 -22143 43607 -33835 -72843 -82656 -86463 30183 -554 -92163 -80188 -52931 74752 -14500 8311 -80979 70228 -71189 -21151 54156 56788 -36360 45113 -14731 -91186 76150 72076 -9449 -81286 -91471 -60095 -74683 69422 26866
13442 63109 -94236 -45151 -84729 37535 20550 -27729 40150 46689 75458 -53365 -48273 16082 -75156 52891 -62034 -38559 -67655 -55453 46916 92539 93601 33031 93589 48582 24838 -81940 -64395 -14919 95447 19984 14768 -19140 74717 -80844 -86908 8715 73627 47715 -61601 99530 88555 33165 97953 48354 -63281 -49854 3466 -90771 34272 -47858 24838 -39784 55419 14624 48391 -15143 94003 -4759 69494 -22379 74782 65305 61077 -84855 14208 29469 -89908 57368 52900 -9632 -57063 4020 85928 79610 -91914 -59396 49884 -52658 3984 -69726 19567 -17710 7228 -32067 -49180 -54674 -39676 64582 -52134 -13171 2044 1275 -60713 -3577 45189 95958 -75840 -7552
-96356 -81014 53893 -95452 94455 -25644 -18560 70392 69408 -81086 -29517 28678 14080 -15346 58368 -40537 -210 61705 -13424 86928 -51309 -37229 83181 -66403 82880 -281 -27009 -94782 79885 -48555 -5874 38489 28384 72887 71610 53850 92820 -47031 -79059 84164 -2001 98077 -10270 51539 -40288 81702 -97836 -42895 24088 35684 -39362 72794 -91410 44101 -58192 19627 9310 -30861 -86709 -94606 -40178 -69488 17425 -44286 68430 19625 16014 62878 -69087 63566 23094 52646 73195 81945 -93887 -95134 78833 96266 -75829 11901 -26400 -54663 -10572 -87458 68931 -29991 -98700 72442 -44327 -11565 77570 80202 4873 92687 -57145 -19719 -65850 -50987 24003 -28666
-78966 -27755 -16456 -34877 28887 -57446 -73286 90614 -3789 50917 30951 -27395 -53409 28254 -69789 47139 49393 -24073 -6991 921 35101 -97926 -61809 -48370 84503 76585 -79854 48546 63297 -16472 47134 -65933 -76866 -83172 11308 14733 4869 52396 -9297 31360 28601 -98274 -62401 39131 98078 -43717 42461 36738 40167 75542 -26376 33637 -47751 66632 -22704 4898 -70417 32384 -2197 81815 34886 37282 78635 85907 48220 88437 -6226 24863 -16542 -61143 -23785 -61149 38285 -74551 -64140 -52662 -55249 76255 38412 -21023 -23599 -32898 -47819 27525 7504 -87262 73560 73907 13305 -11516 58282 -85232 37041 50433 82293 -66717 32673 -33456 53504 6764
-69856 14670 49418 -22836 -16680 25947 50474 89718 40642 2555 51044 62244 -99946 -70390 16459 -5525 -67644 35036 11925 -98218 -75843 -23215 12918 -13307 -74395 43516 -81284 -14612 64133 60167 -1460 91803 7271 -72023 -91002 77651 72006 93511 52403 33361 97552 -51717 36832 26655 -24952 -73813 91593 86139 78773 42439 29869 40040 43438 -80554 41720 -79816 -18192 -20418 -79635 -33199 -44373 63609 31176 -68595 50747 60409 82337 76179 -74467 58149 85744 12474 -20313 19189 -93139 51681 51384 76985 -26470 12308 31114 82367 8926 -7004 -71078 -18747 95412 -57774 36730 61421 -8627 -87928 -44000 95574 69013 -78785 85435 22161 -45958 33899
-12104 -69980 93316 22897 44908 94140 -97597 -15012 -25134 -56791 -78849 8635 -78343 39016 -68400 7581 97931 -41710 49095 63233 23527 -99465 -64235 5920 -3667 -43349 -5910 45536 -93845 -88722 -74776 -9926 88257 -32418 -44480 99864 74411 83297 -41920 -82168 93906 97417 -33855 31012 91943 -89385 68588 32438 -63591 -31381 -91876 15855 -1750 68246 -78968 -83417 92850 -48025 91262 74080 -4673 75928 67269 93722 -83622 -83775 22279 5553 -21019 -15244 -77597 38834 96426 -43788 -59093 -82792 -52278 -64879 90907 81501 78723 76195 78441 63090 -52211 -55679 -5159 98811 68101 45177 -98546 -66673 22309 40787 13676 17916 79778 -65454 -61309 -2355
-24951 -94457 6032 -7401 -78566 19916 -32115 59990 55675 56648 38841 85498 10632 -31875 50923 -28346 52981 47539 -88093 56263 86459 -23006 70088 -58206 40666 41003 24418 42865 -92598 83964 12983 -56808 -72001 -12798 -5625 66712 58808 -81453 -33394 -71891 50349 51079 -27037 49945 38742 62109 38755 -74843 85676 -468 -58129 17242 361 83192 23895 -49679 82498 -86100 -63556 -61594 27237 -81433 -30286 9139 85901 97995 1072 82669 28996 26197 33043 -990 -38970 -54101 -22395 57723 35987 -49827 51108 49614 94294 -83215 -60428 -78354 89164 11606 -63729 61587 -58525 10984 -59541 -20797 48347 -86582 25506 -97899 -13288 7892 -71657 -93149
1593 59327 25191 -48813 -47853 -49858 41741 -52738 49089 18732 -96247 -97623 28584 -84126 -43140 74439 77562 95134 2968 -58133 66221 -31152 84621 75877 -96056 11435 11010 -5451 -91727 -73671 17013 -44480 -10443 26920 -70981 24035 -89005 -21594 83634 24198 57681 -84416 36819 45203 94902 -3631 -56696 52079 -82119 -95168 -43322 93310 -26561 -70484 -71993 63966 95203 46409 -29011 60081 75177 50665 -93859 -33426 55693 -91491 -14570 88553 28697 -65688 -30506 -18568 -86713 14679 85059 41268 -24134 -17711 99905 -33968 -12215 -8525 6829 88798 30379 76737 -84940 -26904 35040 42677 47889 -49485 -10106 -46037 55194 -37351 95420 -15917 -1186 -21393
34696 75811 20997 59307 -79550 74236 -33877 62828 80666 40199 91329 -25850 66793 47737 -73880 77492 65643 96597 41534 -11262 -71664 22463 1350 12508 -57287 -12235 93666 21033 65642 23378 -82723 -43590 -81641 20963 -8028 -50138 60724 79820 40274 -38636 92293 -40067 61443 2711 -94263 46059 -53121 39378 66836 -85084 -36561 -26253 -86966 24536 20624 6268 -21241 -25438 81639 56765 -21380 24805 -56409 9069 80402 -20102 57733 55465 -10713 15480 39681 51232 72037 -71037 -79787 18208 -41042 36714 51831 8555 -79735 -79168 -79931 -71031 -36080 -55738 66789 -3842 91295 23564 59161 39160 8573 -30627 -59211 71413 -11507 95428 -57168 98400
-10373 12807 -96472 31050 -57876 79836 18397 -61322 -8249 -78422 55643 28783 48374 -21339 -20742 55198 6081 -71686 -7254 -83219 -22089 13158 31468 -27588 82420 81367 -68794 -64904 -71216 2322 99399 -97352 43829 -97003 48815 8883 94638 -884 -86130 51024 -87748 -44138 -70232 -68150 56374 19426 32477 -51569 18006 -81010 80356 30057 -52177 -76177 26762 44060 -67986 -82208 -36920 -56028 96568 -25674 -6575 -2033 95202 9119 60103 68365 60255 -27569 -3921 95965 27729 -29529 2592 -23658 -56131 11280 -30619 58687 -175 45380 -4074 14733 -54300 -14244 -78449 -60749 36333 33060 50996 -84116 43770 -51810 -37950 -67795 17245 -94517 -33793 -54235
78296 -49826 74852 75155 39149 99028 -29774 -47733 -98389 -23797 -51502 16934 56576 -60701 -77617 96874 34764 98028 74026 55997 21325 -45106 -48856 13652 3757 -40493 78984 64158 83722 21263 -12987 -50761 -93352 -15274 19770 -83318 -40418 14145 71489 -96618 -85623 63972 21505 70953 87910 -34545 -39289 -862 11265 -59673 -75605 92379 -53039 53581 -75696 7372 -1775 -92702 97329 31192 48870 -39532 48641 74741 -74004 89510 -591 17851 17999 24771 41520 -38391 29634 -80911 10794 74723 -95823 52781 76019 33572 52865 -18044 7832 61201 -60675 -6559 -32028 -32136 67817 -54100 3300 31838 -63580 1019 -52908 31574 7128 26642 27183 16200
-52100 -4326 45902 -81463 -42632 97557 -18811 15123 41996 -56964 -20773 -70985 -59933 14282 -50087 -91302 66291 57591 -88227 68886 -78787 75038 44316 33117 20551 -82008 92161 28185 94258 -35876 68183 1078 -20658 16456 75071 15656 82180 69724 95065 19010 -45112 6836 -45135 95671 741 47131 -29636 3171 42133 -47822 2465 74776 -54373 -53256 -43235 -33706 -28229 -4541 -96721 -18122 73189 -45436 -1723 -13556 -61427 -4936 -84736 53507 -26965 49385 23458 -84012 13128 9707 92465 -78511 -29826 -65917 -25351 41869 58116 24370 21054 -85640 -11460 14292 87693 24786 67579 -33938 -25418 58921 -48907 11531 6273 -92384 33651 -12680 44365 -58006
-40370 66531 40890 76344 34367 -60813 97870 74964 -25556 40562 7867 68128 78094 -36866 62844 -62078 -91582 -29405 -51630 26525 29736 97619 -51527 -64165 -49786 -67494 -26160 73798 -45573 18351 -85391 -79181 50431 -78813 29628 -65539 36197 -53219 21695 -50824 45056 -42224 -74218 63193 -53116 -20258 42184 -57476 29513 -69110 -74560 51212 86755 54885 -20463 82184 84659 64376 -68221 -31977 15673 34833 -78186 43950 21537 -36810 87862 3849 60210 17040 -36929 70556 -86472 -26687 8035 52738 -83885 -96577 470 41450 -58584 -48565 53573 88243 -9370 99594 72501 -79331 25980 97072 46003 -70821 96289 -82625 12139 -50902 73915 -91478 -76289 -28683
-31760 66145 -24779 -44303 37457 54343 -37005 94720 -10161 -17340 72876 53492 -18171 31886 -28541 -82497 -98330 89130 -15298 59888 -35007 89654 48397 28078 77503 -57264 -10027 -43252 65682 -5408 99881 -7829 -80352 -27675 24323 69398 30828 -45533 -42586 69713 -2153 82353 23336 -91589 -18174 85026 76991 -79128 -13091 59339 98524 -44420 73928 -85285 25738 22725 34801 -5753 84854 -28259 -10030 -79678 -11518 57478 -10146 81125 -27256 14623 -15415 -76894 63768 97242 73027 72999 79738 -19955 82473 -75342 40232 75413 25577 -52667 3071 79817 36632 25604 86513 21820 98770 53564 -25463 99615 12655 65809 16674 -88811 -38558 22391 30860 21497
65027 11540 97425 -90463 -57655 88236 -23556 -98517 -30629 -446 58804 -87226 77664 -57813 97617 21959 -24151 -45391 82775 -12837 865 -34193 -48538 -53731 -87045 19705 -74998 35364 -16881 -69558 -43823 -66046 70915 -45204 98328 -13530 -85622 -62545 20664 31777 11904 2191 64377 33022 8422 47298 -47688 -8343 -42835 -11564 -48477 -30005 -42906 -17469 32588 24167 83871 -51846 17556 -34941 -49073 -38713 28727 -94661 21844 95103 7065 -513 -76468 35209 -95240 33365 -97770 -32037 39846 -54872 21933 -82956 3990 51528 -61866 -53010 -30591 -59662 -66362 78208 -16484 -14200 -94247 84000 -86958 -75751 64145 11338 -94806 -15308 -59987 -22816 85777 -18058
59693 53439 -56568 98508 -56848 -71229 -68698 -79400 -46389 11858 -55015 -5789 44879 -62464 -83940 -42224 39809 -89436 70979 -70056 -24877 32997 62287 -71409 14798 -1232 17524 -81343 13615 27541 31413 11608 -56138 -28866 48312 -4300 23950 49377 -46596 82282 -48090 46416 33744 54957 -20598 17928 93287 -98369 57748 43167 42531 60954 11608 86366 -86035 32384 -4875 69845 81897 -60521 7708 37553 -56049 -20084 93024 90449 -35379 -73727 -40930 26845 41650 -54824 -12395 -26083 55416 31218 -63515 -77625 -1087 13433 -24485 87943 10457 -77372 18065 57735 64050 -63173 68728 -75476 -59777 61448 2771 36005 -5306 38268 -75155 48367 -42495 -33246
31264 -17205 60242 -47139 -33282 62258 69984 91774 96185 -45332 -27211 68585 -51629 38844 16958 14541 -43082 -35467 -64922 -49040 54397 1319 68028 -49425 34131 649 -68221 85373 -26175 47108 20109 -80546 -97325 52810 90810 30649 -40691 -6731 -2731 -42962 -88651 52093 75729 42276 -9512 -80755 26924 25415 43323 -64317 34716 15571 -59124 -13469 -48367 9509 26968 -51746 53764 28610 -3700 -25094 61260 -85306 96988 -27256 -48566 -89553 89381 99594 10218 -40554 -78166 -47245 30130 61145 55109 -89518 87170 -26537 -48675 -61067 -37967 -42343 86941 -45122 89959 99599 17019 -60248 -75504 -84803 80550 -7578 8511 92721 -12975 95357 -33606 -27413
68024 26931 -11350 -13118 73671 78030 43191 50625 20364 -98460 -45645 12961 97700 -45618 96649 65167 67640 28770 91841 56193 18348 -69996 -38705 -42873 96964 -74040 -85578 65138 43864 31634 -73295 83002 46848 -86308 42220 -96613 47229 74993 54053 21864 -2385 -50006 -18639 -87756 73139 -52137 97820 83737 40520 -56625 -73060 -17442 -48163 83194 -62777 27962 64087 44626 44333 89273 23740 -29032 48994 89047 -46718 43242 54967 22478 -63268 2081 12075 80308 5902 14918 -63182 7652 54357 -2017 1631 67060 34318 -69232 78032 -45969 8085 -46100 33543 87213 -93412 65109 58356 58989 41679 -41782 82166 57675 -3232 -60910 47414 -9174
67161 -98433 -66315 -78985 51621 -49795 43602 7840 95204 91486 -35249 92459 98105 95922 61029 -94765 55366 18637 91609 -68762 -62872 72716 96491 34031 -57112 -86967 -61913 -90048 -41831 -37004 -51323 72518 61327 -14398 -3992 21738 32807 -12058 96520 -52 14322 -15841 -8527 -88756 12877 -46022 -38967 -55166 -43537 17885 76969 -27494 72738 -78341 -4265 -47080 -87124 99723 67091 54630 83621 54126 78874 -145 -42324 74384 -28200 -76760 -97959 -27370 -80139 -92067 -20710 -14408 13500 -71925 81791 -55069 -9506 68923 86087 96517 -20395 -69273 -8949 -32641 -40041 7163 -20844 65350 -18328 33960 59234 -19187 -92198 -89765 -41051 2450 46172 26860
-13430 -15930 -64408 -76271 80273 14177 -33203 74158 4156 23440 -65108 6004 28712 82500 37099 86329 -4413 52611 34634 8000 87966 -93090 -79916 57333 46351 90856 -50492 23445 41128 -83982 -31880 -85361 73692 -28474 -64154 -79334 40730 60944 74607 -95100 71399 31212 83197 -8015 -74145 67214 61268 -52907 6192 -49709 11708 -36167 65080 -16929 53443 39409 -86302 -88391 -59957 -90731 -36975 78584 -16822 -15490 -85934 -15377 3587 6961 38168 84571 41716 27937 29495 -91980 88629 29255 -34615 97733 55762 -51641 -82760 93344 -56610 -36868 26531 91675 -17168 19343 -35523 -33537 89157 -37930 -86700 -81603 -72161 34039 -84762 56779 -71888 -40741
12838 37562 32166 -3586 96408 -82587 -15630 74536 83692 90359 33811 20670 -19548 -78003 -60654 -50409 24243 -63166 -98330 -90950 -38886 -22249 72499 -946 84231 -42179 2498 89396 -74429 -23098 -82195 52498 -96219 54791 14967 -79938 -87128 32584 -94314 47458 -91898 53322 22200 514 -29605 73825 -17019 12362 -28804 -45877 -48519 -82298 73326 -86696 -65104 27598 -27049 -74813 78463 98697 -68815 -36074 -73205 89233 -68916 -45933 -39837 84820 27620 46072 -59196 -23954 -86966 -35773 33929 -17948 48805 -35846 14177 -32301 -13292 67903 85290 56751 66794 -56533 -88462 40590 -28091 -53035 -4097 -23603 87684 35240 29526 50215 -83793 -66792 42808 26042
-72821 -2992 59963 -83000 74960 -10660 -64132 -18477 99457 75206 2757 -65122 -1985 -14113 46934 -61844 5075 61321 56075 -16004 43231 -16650 21997 -80267 -19771 12013 77673 86431 92688 75675 433 16503 -23272 22410 -53551 29900 -37612 -20782 3932 80914 -4682 -20290 95986 21851 -5104 -33881 85472 94494 92029 75871 19345 82435 -5858 69383 47389 34422 48518 -21999 69040 -94821 60810 -32649 83724 2233 67691 13124 47178 -88719 49521 40546 28560 18454 84785 42687 -65591 67037 -77503 -49419 -92464 -25133 -31109 -82606 50723 -20856 85616 -5581 55529 -954 59381 -42730 48251 -4929 -25952 10292 -64839 94854 -68069 -20209 -72807 44299
-13125 46860 79946 -58869 17832 -1629 9813 40506 -66571 67382 -42324 -34017 84005 23861 68489 -52494 -53309 15600 -15385 80994 21117 70685 -97346 -43033 -56578 66344 6741 60274 -50195 3838 6728 -94794 -50098 -43210 19705 68837 97334 -83383 -39987 -4642 14383 12460 35260 52455 23364 42709 -43565 9972 -54410 12413 -544 -20077 38349 42158 41017 -19673 67978 -52673 -76803 63888 -99411 47352 90682 -86417 -34111 33696 67292 96335 -29372 90149 55039 -98276 -36072 -61428 76842 99587 -64373 -36774 1022 73798 63116 8197 32096 -2202 -50476 -38020 3230 -93877 73915 76447 9197 3963 56866 -43534 35436 79860 44211 -88656 -62266 -83485
-34748 45432 -73122 87742 90857 46375 -64797 -46680 76424 85624 71897 60630 88659 -12915 -42329 -41962 -57233 -90390 -3294 26445 -36160 37456 29817 -14223 -41806 -82563 56766 10736 64999 19839 -37991 78982 -48779 75857 -58731 -54089 -49539 -3090 307 34379 88880 59315 -350 -47248 -83844 -87350 -67257 29408 36374 59312 98910 92679 -81180 73965 -84107 93660 20948 6157 98403 30816 -11605 64293 -57031 -78928 -58494 -68169 80121 45163 -53652 4277 11690 -23330 92166 -30821 41870 2805 -26730 -58884 -69893 -46440 -37097 38346 -3695 -78299 13376 -21238 -95656 32072 -12778 -70349 41604 -56793 96207 24561 78883 -11967 -20871 42024 -44221 -91297
90341 -24009 -89657 -58353 -90155 70299 -31544 55978 60826 40720 -50326 -44057 15152 70441 18952 5973 69754 -81101 -88176 -77436 -44422 88733 -65373 -94037 -91900 50163 -42304 -22432 1684 63192 92550 -72180 80423 -93535 47295 72968 28519 -52101 65968 63358 -55704 41047 -26684 50240 2380 58507 28736 -12870 -12912 -9679 86134 26697 81428 -43856 68602 -17105 14655 -46276 -50098 16516 9526 9255 76498 -69227 -14801 -67845 -11085 1898 9309 -63635 -40352 81461 -83227 47753 76250 -43760 -18045 -22395 -78213 -69699 -27143 -27184 81671 -51429 10102 -52881 -2982 13934 -36164 28395 -80055 22689 -37742 -14133 26412 -53730 -92805 56049 55511 75278
59620 -21189 58676 -4173 -25433 -7354 -78765 65766 -73902 -59083 -89184 -47276 90766 -50625 40808 -149 95642 89438 -31209 -32820 61409 -16470 75452 -14223 -55089 -65620 74934 12036 23564 -82679 98868 -72768 7292 399 1325 -89319 45267 -21148 44293 49100 47946 91980 62929 93413 39000 -73679 -10603 -55456 81368 22928 92013 -78307 76412 -69681 51362 933 -10968 28166 87 29604 -72438 -7198 3198 -12 13578 15622 90709 -84970 81854 -55795 18547 54213 7688 59624 96939 70488 50766 -17306 -12351 11077 30919 60189 46195 -43514 68199 -72420 -27869 58784 -24885 33452 -13366 -40730 83203 24690 -95086 31826 60345 24525 33234 70222
-67435 -26691 49257 82553 -33506 -42785 4946 38105 -31867 8617 -72262 -11864 -14576 36227 92999 38623 44586 10713 -86019 7790 -82003 -21046 91658 10019 98667 94797 36383 -21972 59185 -12318 67357 -35063 63697 57000 95336 66912 -23002 37556 9280 34091 62291 72545 -3113 -39054 39642 91038 -62877 -92068 17632 -1261 31386 59322 -30023 -77753 -867 58198 25963 5099 14646 67528 93305 -56000 43392 13770 -69774 -63809 77747 -82892 -26442 26594 51354 38321 98142 34777 36983 60505 -46134 88909 22471 68902 -46508 88408 -23210 87335 -37445 60071 -98679 34021 80187 71938 25831 41558 2362 -25400 -81445 -39509 -30730 -17385 42211 36851
-2536 -27042 52854 -53970 -33226 27105 60260 61077 42803 -95092 51911 4463 -12619 -77093 39285 15376 -78112 28020 35096 -87282 -72163 46058 99105 10157 -60952 17974 70863 -20518 90392 58890 -80340 20362 -93730 -37478 -25502 -69031 -95216 20507 74701 75788 -54389 4375 -73372 -50508 97739 -27268 86087 97038 83679 14913 49923 4357 10751 -23620 -76251 78853 3532 50153 -94633 83132 67995 50008 -93498 70243 69603 -7439 -69131 -91437 -86442 79948 -79594 -55814 -22119 15509 -61773 -15143 -37108 -4516 70903 -19219 85005 -4769 72455 -10072 23257 -69712 82796 66074 72176 -91932 23565 -14814 51072 82219 28266 -78254 17835 70768 -47265 93802
-69528 -53923 29820 43973 -79246 74778 -50407 79712 -5237 -93753 23884 -48345 -7504 -37041 -75318 80590 19482 6788 81818 -64346 -45255 -58008 89340 42707 4254 46844 23719 17855 41283 -69663 -65547 -59746 33612 -67730 -18012 7687 66645 82651 -66127 -24476 30519 70349 7442 -73472 37010 16805 24405 -96892 63854 85883 -57431 -85544 -88452 -23925 11479 -18231 29811 69688 -29873 82328 -86752 -64798 94440 -16330 -80579 -13183 21303 -13750 10754 -83686 46377 20694 -17772 84183 64802 19143 47802 74847 -98309 8530 -92359 -95348 -59374 59424 -73796 -18487 -50501 -21042 -89291 -77774 -20541 -69012 -83445 -41464 -96276 -86029 3692 47651 6309 29644
-57232 -84529 9667 50178 -35777 23639 63036 1504 -24003 -60935 85094 -25953 84669 -13190 98360 -47325 -83537 -11174 86921 37016 -4820 -58677 53202 30274 -13300 -72478 -24482 -56014 -55191 -72531 -35073 -44722 39282 3381 -94579 48522 97434 89563 46262 66926 -38397 -14456 32137 -68866 60703 31725 708 -38324 -60131 -27647 -72275 40750 50279 -18642 -42044 35660 60912 45933 41623 -47793 73477 29623 76838 93785 39283 -63470 -76757 -44151 54387 24569 41603 -58154 13701 -80145 75313 -32264 73804 91618 94119 -63572 -4867 -90812 -77970 -94561 -83247 45451 46534 89929 78415 62957 -45025 78785 -49593 -45400 -67713 -41309 28054 97003 32104 35948
-73942 -31963 -33727 -98967 -82229 -56734 -23486 -99998 -37862 87291 -33504 -33997 -79586 -70388 15428 33740 -16063 -43920 -85817 -87440 -37600 85019 -45735 89907 37962 41387 1272 -26349 -49312 -1447 -74721 94567 69163 44529 -46461 -46522 -8596 53437 90984 77093 -52308 9543 -99411 1059 -15815 12685 -39052 -51278 93715 -77464 -95158 63633 33318 19794 -18885 57369 7881 -88414 -53271 -99903 99104 -7740 -21247 20811 72901 35647 -41174 -99489 -94786 3770 5394 20214 -67946 -58185 17369 24835 97763 8621 63008 7251 -51039 66328 39576 -83573 -65780 -50864 2340 96748 -15337 53389 48363 -55233 -27466 -19418 26618 7564 32377 -5723 -3755 45041
20352 98437 70229 -60463 -42700 80915 22113 -94348 2645 -65904 -53966 -24274 94775 36307 -34660 51624 -75583 76560 57940 -18027 -55695 47827 -56150 94737 -23922 -81367 41399 35181 -14728 25605 21492 -1297 -83017 11262 -81953 21129 -44148 63696 94377 80395 -48569 34734 -45461 99101 -29226 -64373 83035 -36715 -32098 85674 54164 9579 -76060 23104 -18978 9551 90947 -61289 -91587 61398 42959 -99512 -73405 15957 89999 -76917 94457 -39128 76340 32927 -60341 96653 41929 40251 -48947 -67071 93717 52062 44205 -97659 -40816 -28213 16623 -56823 74424 81290 -91921 -8402 43201 -27554 44209 37869 6733 12778 10303 -49161 -57358 -30457 -98990 -15175
2115 -38689 74928 94718 -57531 -50561 -32211 -12924 -21921 -74095 32900 43880 97996 -22191 -34906 27996 -8293 15269 56609 -99716 -26102 77519 -6051 93486 -48201 -59234 70279 -57970 -89071 -72173 -96783 -63970 -7374 -88030 97198 -49147 -30254 -96144 -14781 -86352 -91308 97982 46483 -69669 42308 -62585 6840 -30684 -21351 51433 13756 -17436 -86230 90442 31529 -62696 -12849 -15926 96050 -84515 4158 -54315 -48544 92004 18121 -98724 -50198 -26573 -18450 -65193 16069 13162 39071 -31638 82069 36985 -59219 38983 21531 -32497 -58577 10578 72109 -75077 -11698 62178 72492 59078 30436 23485 61954 -56580 -18513 1525 -9339 60423 11492 64845 -86023 11886
36766 67844 -60269 -98434 61090 61048 -17512 63043 10658 38619 -10856 -48691 47068 -88802 51751 69114 -54839 53001 84885 -43834 90467 13771 -78800 -76891 31082 68404 65877 2182 98598 -48667 -3807 -52195 -65821 -22980 89597 59330 -56297 -60063 -38316 52366 -83946 -78542 -87436 49649 -28466 6748 -98859 75719 49961 81593 -88112 -96838 -17684 68008 -83778 39154 92593 72175 66225 -71275 73823 2692 62285 32423 15386 -87807 37077 -50467 48589 93354 -98521 -98786 51180 -20098 31635 -60286 47292 -53093 33300 83295 51838 18883 62505 11667 33296 76484 -51229 -11472 -39792 -50304 68153 78316 41352 80089 16317 7370 -80037 -24274 33950 85921
-48536 -61052 59668 67909 -44658 50796 73580 92122 12069 -70295 -16129 28440 23003 -25149 -83571 73804 -50286 11640 35833 -93352 -58094 -53181 47303 -2239 -95994 -68437 -53817 -91982 -63372 -79046 14877 43971 -99873 61933 -83830 56259 17381 -42381 64976 81085 -61342 -34127 77590 -30028 -87821 17728 90711 56030 -11029 -36375 -74949 -64146 -49528 69596 32884 -72671 -52629 -66860 52083 12456 58355 19196 69052 -13653 -59812 -41198 30473 37513 -89673 -57365 13634 -7421 61392 99262 70642 -27168 20666 -21658 82560 -85530 -37119 -18870 29388 53728 23501 -51427 -71959 -79186 -80492 -98219 -52381 -55489 54940 10667 -40231 -39268 -67408 94246 -98085 -32648
68606 7901 -88824 61420 -70978 -41172 57845 53534 -31066 -10580 -95466 30117 -68163 -41860 8474 48950 -15046 -99706 -18714 -22312 72481 -28445 -74989 42901 66717 -44015 -49101 -52158 44526 -13197 -27610 -20711 -83319 8707 55708 41734 -67041 66386 29205 3712 -27186 20481 83708 67061 70216 -26683 10257 -7263 -59303 -19587 76200 -74492 77606 38593 -72638 97976 -57667 3239 90737 21909 -7500 -20717 -41503 52236 2329 -4041 -89907 -71602 -41882 55369 98294 -72696 78172 36432 -46774 -35673 81070 -23507 29064 10897 41053 -45254 -74782 81130 77875 -85660 -86460 -46671 64036 -79984 95140 27616 -96044 62510 -42195 -55066 56942 78027 96816 32946
-75661 -91448 -91402 -93441 51250 56157 -60030 57647 78382 -63057 -91435 -48480 83319 48820 38162 -98514 39475 -27280 75223 28971 24772 -85972 -808 -26076 -77065 -32362 -20689 9477 58726 -2641 46492 23144 49740 14487 46052 97061 -48826 -99286 -39282 36431 -7031 -4620 -5520 -80808 73038 18550 -61498 -43521 -55070 -61274 -20478 82851 40456 46151 -4910 -18256 5606 -90271 54564 -59101 -83783 17041 24827 -23942 -75390 -40644 34110 44900 1173 96056 -57022 91247 48231 -55354 36930 -65764 24461 -96292 64967 -91828 -85604 -33219 1555 62512 62969 87909 -86657 -24442 -30172 57233 50689 -75967 -93565 -98381 -82520 -72037 -9350 -38660 -42631 32327
-88133 20418 39041 58592 -82667 -93271 59162 60993 92433 -10269 -80694 25359 7238 -31349 -56094 -14346 -99591 -1353 45808 23809 92024 -14058 -8620 -26860 -3590 87806 -55562 82827 -95427 -51957 27363 -80884 75122 -21830 -95186 -69653 18734 34648 33773 -52104 54083 75200 14617 -59595 -74750 26780 22269 -31570 -92915 -96729 22117 -43421 55976 -36425 -1407 -54620 -91599 21985 77616 34007 97934 -86371 -90907 52259 99369 16532 99836 29600 -74768 -39743 -3017 28628 36689 56693 -52532 11710 24328 45006 58675 -30383 46051 18226 15394 20787 -46252 -23318 -42077 8076 -25181 -64992 41195 45137 -77581 56132 -60083 -20104 -25792 1075 49180 -41726
3717 -93260 -73132 17259 19910 51730 68079 61729 48440 34238 35567 4012 36529 -73895 77003 -71599 -17488 -66458 -27134 -41552 48982 22713 -32147 51866 77819 39589 -11732 -6974 11990 14446 98165 -16225 -23376 70767 90138 -25186 58928 64101 97585 -90853 82770 -24876 752 -82018 -78935 3200 -29805 -18183 48627 -54704 92897 9721 71856 -73293 -47153 -90896 30853 -11055 -11346 -27133 31670 -39155 -74303 33700 69451 81178 10108 -22641 -84197 -43680 -40958 -5997 54308 9095 -57576 -171 59984 -48272 14629 16894 48107 -9859 33948 -48417 -49928 -89493 87856 99488 80587 22696 -64969 10276 39676 -80388 -81459 57378 26117 25205 72230 -30097
-56298 48323 56011 5040 -80567 19908 33430 52993 -67620 -78563 90499 48711 48815 -34044 -69563 62038 -31805 7748 28776 62845 -70024 -71604 6555 77580 -81766 -13932 97197 59111 -11368 32326 4580 -55706 -36164 85727 -59414 -66630 -99509 -19390 3730 -93038 -67382 -33543 52279 37758 86469 9191 -83110 -49535 81383 -8151 -19882 -66272 -33068 27558 59994 7782 69853 92828 -9562 77556 46730 25680 -61448 72292 20814 36646 96879 -61173 -1686 -29343 20431 -32426 78906 78973 53516 56826 -84816 -23707 -50976 27672 2953 -23085 -55947 79801 6776 5167 -13387 -89722 -85887 -53087 -32910 86319 37357 -98350 83149 7723 82979 95307 -35986 -54322
-95428 -48950 59228 60293 -49366 -68572 26100 55270 -63003 2094 -18753 45939 -35679 70336 59288 -82870 77419 -26114 -92720 66299 -93847 -75998 -74437 74799 44139 -37917 -65468 -56367 76683 -87884 81169 -62736 -88548 -63070 -16242 4821 -72739 12896 91559 -42558 43757 -41472 38177 86762 -60530 -46818 18927 -16654 -44586 -12605 -49316 56213 -56095 22588 46669 -13038 91865 63990 66757 35337 64872 -84200 27303 -99443 89900 82597 49685 -6875 27257 62696 25107 47330 -38795 -33845 -36447 88984 -33555 5842 -19373 39962 -28076 41543 67631 13642 -51030 1023 -7520 -65922 -75054 30077 -55319 92199 -77793 -94884 -80392 -16395 -27113 -95069 42432 36586
100 5
73215 57468 99482 -26570 73859
13444 -86888 -98599 -13121 -95982
-23279 -70530 -25593 42487 -62850
31288 -52933 61455 53440 85500
-94962 -43349 -85396 -86772 -69128
-46705 26870 -16003 -27849 92960
74995 80389 -84340 -9244 41601
49919 -93814 -20909 8583 -48074
82739 -74564 97083 50539 -85733
-79252 21707 61283 21332 -79558
-55718 -48774 -6516 -80530 -48066
-9074 8096 -81244 -10196 -73965
18609 89784 -34924 99343 -79807
-69936 -25236 -54300 -56385 -88660
-13355 82928 -61737 -13362 -80085
-74422 -91176 23077 -30592 -63414
66393 -33535 -84782 30802 92051
-70796 79262 -44195 53243 -19718
-46616 28353 -15022 -69471 4499
610 -90187 -9301 -37597 -71950
-42759 30257 -58410 -71600 -38898
-73271 -19355 20538 -22684 73373
-8646 -41149 95710 53769 -76680
-83452 51445 80155 -52996 58265
41879 74210 -54350 -92741 38988
-56749 39007 -88264 -10589 77298
37611 -27041 -37259 -71610 50673
14489 -16938 54730 95863 52036
90849 -86439 57265 -83064 -77340
7404 56858 -58756 93741 -41400
-81525 -2658 86315 75214 -42598
-12392 54531 -26908 69901 -18309
18225 59392 78073 52827 -89576
-56685 -71609 -1210 -79754 33987
-18202 17508 -10991 86589 40046
17811 -41668 23183 12923 -23486
92388 2489 -40128 52813 70903
86193 -14314 91506 -13203 -12391
-68884 -53451 -88110 -64140 -80123
74173 -33905 -33468 -98125 -37237
-25835 -90556 -13946 16773 51385
28837 -76973 40112 -74099 -59762
-18639 41687 -90933 -42112 -51944
80259 -79358 38139 -37785 58469
76208 -35489 -98509 -72795 84822
74705 51922 -94947 -65086 -93264
-83860 27203 -53012 64257 -30956
694 56757 -55707 7856 49217
-96104 61954 40087 39654 29569
-63660 -9694 -89083 -24219 57139
-20374 27847 -43691 -8510 78944
-26157 55570 -99741 -33933 61192
81112 -55566 97376 59415 64843
37366 54612 -93965 57403 -41485
-78376 -2273 48760 -53749 9785
-44673 16176 62565 -16365 18050
99243 13226 11158 1873 -44722
-11904 65162 -15307 -69331 -93695
59136 -2520 10049 30249 81763
-39750 -67926 32002 -45928 11807
58629 85233 -15448 -75507 -13067
21675 63913 -30777 59501 96721
91540 -61468 11525 62833 -1347
-34045 -97426 36796 -56083 -54338
76831 12133 23043 -52963 37558
-26539 44081 36943 -57231 -72934
63630 14757 -75797 -1228 -79844
-96766 -68814 20745 33292 -45687
-31475 84339 -64426 74716 26386
-81860 -47937 -45227 80281 -38629
-93617 -92142 -26125 90118 95823
23473 42733 -85072 72234 72936
32892 -58298 81777 99850 73124
-40967 13325 -98840 50449 74757
-89459 35493 -6044 -57935 -16944
-33949 8775 84939 -52291 66164
-91337 -81543 85932 59748 -7177
38567 33416 -69613 22623 -55635
16695 87670 70911 51542 -33125
85233 -48184 79392 -21490 2231
61828 -82814 40013 28513 -80061
-18020 61783 -26181 -19790 -47949
70142 54678 64468 -19842 -71088
88129 95105 96264 -33742 -94579
-50811 35858 34785 55281 6124
73993 50671 -66272 90026 -87049
83170 -41872 -74073 30002 44863
-84458 -87092 1029 -9903 -97342
21905 42862 66871 -73835 -5017
-47502 -59259 -41983 35271 63656
-6838 -57043 -13477 29709 -63887
-55259 76271 -60202 -384 37657
-81969 55223 90183 -43426 -61950
-68460 89038 -40097 -28864 47346
76361 90887 1612 98711 -80778
27020 75681 2715 -92634 -20267
-54823 42717 97235 -23535 40058
-26665 -96806 40277 -67937 -81509
68519 -17530 15818 44930 -54681
-48691 -4480 38193 -573 79439
